31.89450373599999
28.702172265
28.737524658999988
32.95644381000001
32.97376529399999
33.03857696300001
28.875224419999995
28.868223067999992
28.880161114000003
33.507976594
33.523205747000006
33.743059862999985
33.11089687399999
40.27103164500001
41.102512428
41.428804609999986
41.58878016000001
41.544655425
41.461909043999995
41.710873796
41.357028609999986
8.964109105999995
40.486125560000005
41.204399976000005
41.62345587300001
41.69367349299999
41.780149906999995
41.79838838100001
41.82446290100002
41.910050784000006
