42.178826792999985
42.09479906299998
46.51355626000003
46.29188112900002
42.306775576999996
45.862591071
50.56514692099998
43.661438092
44.779464244000025
42.649785906000005
44.59588358199997
45.77628908700004
46.04130168699999
49.46312898100001
53.07756834699998
53.99107594
55.11558771600002
56.63514252900001
55.366285044999984
55.73766445300001
57.136899666999994
59.54812559299998
39.74927713299999
50.361282848
48.90061275599999
51.839335291
52.990409752999966
51.96353255799997
55.80314655400002
56.95683960799997
