1	3
2	31
3	50
4	41
5	54
6	14
7	43
8	6
9	3
10	1
11	10
12	23
13	29
14	33
15	75
16	3
17	1
18	8
19	7
20	4
21	10
22	13
23	27
24	1
25	53
26	28
27	97
28	50
29	78
30	54
31	25
32	15
33	50
34	1
35	15
36	74
37	23
38	51
39	111
40	111
41	98
42	180
43	145
44	205
45	161
46	13
47	116
48	46
49	196
50	124
51	109
52	157
53	175
54	21
55	46
56	100
57	39
58	165
59	33
60	15
61	3
62	38
63	23
64	3
65	185
66	50
67	180
68	132
69	114
70	168
71	108
72	209
73	32
74	61
75	99
76	235
77	177
78	61
79	208
80	35
81	222
82	121
83	51
84	198
85	113
86	9
87	93
88	16
89	46
90	11
91	34
92	131
93	105
94	1
95	54
96	92
97	319
98	187
99	17
100	140
101	62
102	87
103	71
104	55
105	142
106	133
107	264
108	67
109	264
110	111
111	78
112	11
113	98
114	103
115	356
116	291
117	47
118	255
119	439
120	189
121	377
122	149
123	1
124	38
125	225
126	76
127	13
128	425
129	73
130	250
131	29
132	373
133	9
134	182
135	8
136	31
137	7
138	111
139	219
140	392
141	222
142	79
143	166
144	191
145	368
146	361
147	132
148	440
149	9
150	9
151	17
152	41
153	51
154	31
155	27
156	4
157	411
158	1
159	26
160	18
161	64
162	144
163	11
164	2
165	11
166	64
167	276
168	246
169	170
170	200
171	16
172	29
173	1
174	184
175	226
176	219
177	100
178	180
179	106
180	140
181	204
182	114
183	2
184	18
185	2
186	529
187	1
188	4
189	76
190	167
191	56
192	267
193	468
194	12
195	13
196	423
197	286
198	418
199	20
200	82
201	54
202	12
203	407
204	54
205	442
206	279
207	305
208	164
209	341
210	249
211	8
212	526
213	382
214	99
215	9
216	153
217	311
218	176
219	40
220	366
221	198
222	91
223	91
224	153
225	346
226	195
227	168
228	291
229	311
230	2
231	308
232	361
233	333
234	123
235	17
236	2
237	100
238	12
239	147
240	2
241	148
242	37
243	247
244	53
245	47
246	239
247	98
248	138
249	56
250	2
251	3
252	190
253	325
254	113
255	144
256	178
257	99
258	92
259	325
260	313
261	36
262	364
263	99
264	175
265	25
266	31
267	5
268	183
269	74
270	379
271	198
272	156
273	11
274	167
275	21
276	4
277	470
278	2
279	38
280	235
281	383
282	101
283	367
284	251
285	153
286	484
287	115
288	59
289	135
290	119
291	18
292	1
293	286
294	128
295	318
296	1
297	335
298	263
299	204
300	266
301	516
302	109
303	478
304	416
305	179
306	97
307	269
308	265
309	470
310	149
311	157
312	295
313	427
314	1
315	468
316	1
317	502
318	132
319	63
320	1
321	339
322	325
323	294
324	165
325	7
326	163
327	278
328	3
329	8
330	251
331	33
332	212
333	28
334	165
335	269
336	281
337	361
338	420
339	185
340	436
341	463
342	3
343	528
344	189
345	233
346	348
347	371
348	87
349	435
350	156
351	10
352	66
353	82
354	321
355	51
356	413
357	65
358	14
359	270
360	266
361	358
362	305
363	281
364	43
365	196
366	11
367	438
368	35
369	66
370	3
371	133
372	80
373	24
374	316
375	143
376	1
377	246
378	111
379	173
380	83
381	258
382	5
383	212
384	132
385	476
386	54
387	19
388	478
389	127
390	283
391	393
392	521
393	385
394	399
395	131
396	468
397	2
398	460
399	343
400	164
401	1
402	435
403	84
404	132
405	155
406	302
407	229
408	14
409	447
410	409
411	321
412	267
413	174
414	7
415	316
416	504
417	439
418	9
419	77
420	396
421	305
422	41
423	478
424	225
425	24
426	361
427	117
428	299
429	501
430	66
431	17
432	205
433	9
434	392
435	254
436	25
437	197
438	246
439	254
440	210
441	23
442	244
443	61
444	395
445	23
446	71
447	131
448	10
449	194
450	56
451	26
452	292
453	28
454	179
455	366
456	474
457	377
458	363
459	13
460	3
461	8
462	268
463	227
464	135
465	137
466	39
467	140
468	380
469	109
470	383
471	135
472	66
473	71
474	517
475	403
476	13
477	126
478	154
479	383
480	31
481	266
482	145
483	405
484	88
485	11
486	38
487	68
488	308
489	199
490	202
491	7
492	272
493	219
494	131
495	506
496	325
497	47
498	26
499	174
500	172
501	5
502	64
503	389
504	166
505	510
506	406
507	63
508	10
509	1
510	406
511	353
512	74
513	293
514	19
515	179
516	145
517	378
518	214
519	167
520	60
521	307
522	9
523	3
524	230
525	3
526	500
527	257
528	4
529	50
530	187
531	191
532	422
533	334
534	17
535	20
536	43
537	513
538	1
539	11
540	155
541	94
542	40
543	159
544	384
545	290
546	338
547	436
548	116
549	453
550	359
551	507
552	235
553	224
554	191
555	340
556	164
557	58
558	8
559	238
560	41
561	278
562	177
563	127
564	4
565	428
566	124
567	1
568	53
569	494
570	12
571	100
572	314
573	10
574	44
575	426
576	7
577	340
578	208
579	116
580	32
581	16
582	90
583	27
584	390
585	169
586	135
587	209
588	140
589	164
590	276
591	23
592	311
593	353
594	14
595	3
596	528
597	28
598	83
599	71
600	249
601	167
602	204
603	402
604	183
605	322
606	169
607	19
608	400
609	187
610	430
611	527
612	32
613	94
614	110
615	283
616	215
617	298
618	1
619	374
620	22
621	103
622	61
623	26
624	255
625	177
626	142
627	525
628	18
629	47
630	13
631	1
632	170
633	411
634	390
635	36
636	28
637	455
638	17
639	70
640	99
641	39
642	259
643	289
644	57
645	6
646	398
647	82
648	2
649	444
650	20
651	514
652	11
653	67
654	242
655	49
656	317
657	12
658	65
659	282
660	1
661	1
662	215
663	158
664	226
665	503
666	437
667	2
668	2
669	22
670	129
671	191
672	67
673	5
674	119
675	241
676	230
677	185
678	489
679	309
680	409
681	77
682	210
683	64
684	163
685	23
686	312
687	406
688	391
689	40
690	512
691	147
692	194
693	188
694	114
695	447
696	91
697	41
698	225
699	61
700	240
701	21
702	200
703	11
704	73
705	260
706	44
707	1
708	333
709	311
710	20
711	292
712	65
713	2
714	376
715	37
716	18
717	3
718	82
719	89
720	264
721	320
722	90
723	68
724	342
725	2
726	328
727	21
728	21
729	510
730	150
731	122
732	7
733	239
734	26
735	247
736	497
737	487
738	288
739	416
740	82
741	245
742	324
743	49
744	314
745	510
746	19
747	24
748	1
749	265
750	71
751	24
752	31
753	177
754	29
755	66
756	407
757	47
758	2
759	5
760	13
761	3
762	527
763	27
764	264
765	15
766	295
767	49
768	65
769	1
770	83
771	107
772	15
773	1
774	216
775	227
776	219
777	486
778	2
779	120
780	18
781	458
782	73
783	8
784	299
785	9
786	528
787	488
788	419
789	401
790	14
791	9
792	278
793	2
794	153
795	170
796	10
797	8
798	447
799	106
800	239
801	99
802	29
803	163
804	235
805	499
806	2
807	56
808	15
809	11
810	23
811	12
812	58
813	339
814	76
815	312
816	6
817	150
818	277
819	520
820	310
821	1
822	376
823	502
824	18
825	100
826	256
827	64
828	2
829	466
830	24
831	1
832	196
833	450
834	105
835	442
836	52
837	19
838	4
839	29
840	2
841	2
842	169
843	50
844	313
845	262
846	239
847	524
848	7
849	130
850	457
851	110
852	265
853	98
854	244
855	229
856	476
857	74
858	1
859	46
860	332
861	58
862	393
863	440
864	108
865	364
866	187
867	8
868	31
869	159
870	336
871	264
872	16
873	107
874	42
875	258
876	517
877	189
878	357
879	4
880	236
881	457
882	81
883	70
884	118
885	456
886	220
887	126
888	50
889	257
890	421
891	202
892	134
893	402
894	300
895	272
896	213
897	51
898	243
899	125
900	116
901	56
902	373
903	378
904	51
905	1
906	174
907	217
908	209
909	154
910	1
911	4
912	9
913	5
914	515
915	413
916	49
917	445
918	8
919	432
920	39
921	31
922	212
923	80
924	260
925	287
926	412
927	48
928	2
929	205
930	218
931	254
932	325
933	15
934	507
935	146
936	178
937	292
938	6
939	155
940	75
941	293
942	6
943	318
944	182
945	100
946	194
947	4
948	63
949	12
950	407
951	504
952	212
953	282
954	14
955	13
956	293
957	1
958	198
959	1
960	193
961	22
962	271
963	369
964	102
965	15
966	40
967	453
968	508
969	168
970	39
971	248
972	202
973	4
974	394
975	77
976	1
977	476
978	237
979	23
980	198
981	392
982	45
983	21
984	161
985	3
986	516
987	170
988	417
989	382
990	10
991	69
992	132
993	498
994	212
995	99
996	127
997	406
998	6
999	8
1000	480
1001	56
1002	349
1003	188
1004	208
1005	86
1006	424
1007	51
1008	97
1009	10
1010	155
1011	12
1012	78
1013	206
1014	440
1015	280
1016	189
1017	84
1018	313
1019	3
1020	205
1021	260
1022	32
1023	152
1024	126
1025	444
1026	178
1027	3
1028	314
1029	94
1030	1
1031	416
1032	188
1033	282
1034	263
1035	80
1036	7
1037	376
1038	6
1039	219
1040	355
1041	3
1042	441
1043	87
1044	130
1045	5
1046	285
1047	193
1048	257
1049	432
1050	300
1051	365
1052	231
1053	227
1054	495
1055	20
1056	152
1057	334
1058	104
1059	186
1060	1
1061	194
1062	46
1063	161
1064	382
1065	2
1066	121
1067	21
1068	5
1069	444
1070	135
1071	36
1072	99
1073	96
1074	38
1075	138
1076	138
1077	257
1078	415
1079	176
1080	148
1081	162
1082	331
1083	21
1084	127
1085	296
1086	78
1087	437
1088	61
1089	18
1090	117
1091	209
1092	27
1093	207
1094	237
1095	369
1096	393
1097	89
1098	150
1099	252
1100	197
1101	299
1102	110
1103	2
1104	129
1105	72
1106	419
1107	13
1108	133
1109	175
1110	1
1111	13
1112	8
1113	469
1114	115
1115	46
1116	304
1117	137
1118	104
1119	71
1120	49
1121	202
1122	131
1123	212
1124	79
1125	171
1126	32
1127	460
1128	1
1129	59
1130	4
1131	246
1132	431
1133	22
1134	459
1135	25
1136	491
1137	158
1138	68
1139	17
1140	345
1141	71
1142	28
1143	15
1144	147
1145	304
1146	379
1147	88
1148	27
1149	157
1150	424
1151	470
1152	207
1153	385
1154	195
1155	37
1156	171
1157	240
1158	10
1159	191
1160	33
1161	20
1162	406
1163	114
1164	124
1165	240
1166	51
1167	107
1168	14
1169	272
1170	206
1171	207
1172	294
1173	390
1174	128
1175	3
1176	420
1177	421
1178	158
1179	151
1180	352
1181	320
1182	428
1183	183
1184	14
1185	91
1186	88
1187	89
1188	284
1189	139
1190	117
1191	83
1192	228
1193	45
1194	238
1195	212
1196	290
1197	86
1198	229
1199	5
1200	17
1201	514
1202	18
1203	46
1204	386
1205	182
1206	388
1207	3
1208	508
1209	149
1210	238
1211	90
1212	272
1213	1
1214	512
1215	54
1216	509
1217	412
1218	1
1219	33
1220	508
1221	3
1222	7
1223	32
1224	121
1225	391
1226	19
1227	8
1228	51
1229	28
1230	105
1231	338
1232	16
1233	8
1234	10
1235	6
1236	438
1237	439
1238	485
1239	10
1240	169
1241	73
1242	57
1243	19
1244	193
1245	280
1246	497
1247	18
1248	1
1249	115
1250	95
1251	97
1252	360
1253	7
1254	2
1255	186
1256	31
1257	71
1258	1
1259	169
1260	372
1261	36
1262	111
1263	172
1264	463
1265	18
1266	201
1267	56
1268	317
1269	20
1270	6
1271	268
1272	107
1273	69
1274	513
1275	288
1276	3
1277	25
1278	466
1279	371
1280	12
1281	26
1282	355
1283	367
1284	124
1285	1
1286	301
1287	495
1288	112
1289	8
1290	322
1291	3
1292	11
1293	319
1294	427
1295	3
1296	407
1297	299
1298	38
1299	477
1300	292
1301	438
1302	76
1303	95
1304	12
1305	33
1306	517
1307	9
1308	138
1309	267
1310	133
1311	272
1312	3
1313	418
1314	286
1315	344
1316	461
1317	475
1318	141
1319	125
1320	28
1321	2
1322	116
1323	129
1324	467
1325	69
1326	25
1327	6
1328	56
1329	41
1330	402
1331	508
1332	139
1333	220
1334	5
1335	148
1336	128
1337	6
1338	98
1339	221
1340	290
1341	8
1342	128
1343	158
1344	206
1345	1
1346	192
1347	2
1348	435
1349	75
1350	153
1351	34
1352	182
1353	435
1354	176
1355	452
1356	89
1357	260
1358	11
1359	498
1360	152
1361	513
1362	289
1363	519
1364	307
1365	116
1366	408
1367	1
1368	177
1369	379
1370	278
1371	414
1372	192
1373	243
1374	463
1375	302
1376	279
1377	12
1378	185
1379	80
1380	28
1381	205
1382	118
1383	146
1384	5
1385	311
1386	170
1387	174
1388	89
1389	7
1390	224
1391	106
1392	284
1393	47
1394	231
1395	242
1396	472
1397	2
1398	522
1399	115
1400	437
1401	374
1402	1
1403	17
1404	434
1405	25
1406	22
1407	45
1408	26
1409	92
1410	173
1411	299
1412	32
1413	22
1414	21
1415	75
1416	102
1417	303
1418	1
1419	253
1420	153
1421	262
1422	10
1423	182
1424	319
1425	421
1426	96
1427	134
1428	278
1429	3
1430	231
1431	139
1432	164
1433	115
1434	376
1435	4
1436	20
1437	130
1438	282
1439	116
1440	447
1441	140
1442	225
1443	283
1444	4
1445	461
1446	438
1447	10
1448	423
1449	18
1450	4
1451	68
1452	277
1453	29
1454	35
1455	165
1456	503
1457	80
1458	188
1459	131
1460	372
1461	40
1462	8
1463	468
1464	478
1465	252
1466	453
1467	141
1468	161
1469	158
1470	2
1471	161
1472	47
1473	214
1474	32
1475	12
1476	6
1477	459
1478	90
1479	50
1480	31
1481	18
1482	191
1483	54
1484	192
1485	34
1486	44
1487	143
1488	89
1489	272
1490	232
1491	68
1492	307
1493	14
1494	266
1495	253
1496	324
1497	215
1498	55
1499	417
1500	52
1501	246
1502	316
1503	185
1504	178
1505	9
1506	357
1507	410
1508	229
1509	80
1510	260
1511	85
1512	6
1513	88
1514	30
1515	23
1516	39
1517	2
1518	184
1519	65
1520	191
1521	31
1522	68
1523	14
1524	4
1525	199
1526	489
1527	111
1528	71
1529	142
1530	64
1531	14
1532	220
1533	24
1534	183
1535	251
1536	88
1537	199
1538	373
1539	365
1540	13
1541	279
1542	210
1543	384
1544	360
1545	437
1546	130
1547	297
1548	348
1549	364
1550	6
1551	190
1552	485
1553	419
1554	328
1555	142
1556	8
1557	13
1558	66
1559	455
1560	115
1561	62
1562	4
1563	2
1564	61
1565	416
1566	103
1567	494
1568	520
1569	279
1570	150
1571	21
1572	208
1573	510
1574	271
1575	1
1576	41
1577	91
1578	49
1579	192
1580	458
1581	408
1582	15
1583	1
1584	22
1585	67
1586	1
1587	308
1588	280
1589	226
1590	487
1591	44
1592	520
1593	28
1594	46
1595	160
1596	352
1597	22
1598	388
1599	35
1600	346
1601	275
1602	86
1603	506
1604	5
1605	42
1606	84
1607	94
1608	464
1609	2
1610	3
1611	118
1612	271
1613	354
1614	280
1615	80
1616	334
1617	268
1618	145
1619	318
1620	8
1621	142
1622	457
1623	281
1624	335
1625	122
1626	4
1627	2
1628	165
1629	93
1630	31
1631	123
1632	203
1633	450
1634	267
1635	8
1636	17
1637	9
1638	172
1639	141
1640	375
1641	9
1642	354
1643	1
1644	244
1645	441
1646	17
1647	430
1648	159
1649	285
1650	133
1651	527
1652	169
1653	408
1654	190
1655	480
1656	186
1657	23
1658	3
1659	30
1660	43
1661	384
1662	520
1663	337
1664	25
1665	166
1666	256
1667	88
1668	46
1669	374
1670	17
1671	163
1672	216
1673	92
1674	527
1675	73
1676	158
1677	387
1678	231
1679	1
1680	148
1681	252
1682	7
1683	273
1684	119
1685	323
1686	188
1687	16
1688	68
1689	119
1690	237
1691	247
1692	80
1693	286
1694	143
1695	63
1696	426
1697	11
1698	462
1699	381
1700	248
1701	341
1702	22
1703	42
1704	51
1705	30
1706	208
1707	333
1708	1
1709	125
1710	53
1711	480
1712	103
1713	41
1714	393
1715	1
1716	120
1717	7
1718	60
1719	48
1720	1
1721	291
1722	399
1723	190
1724	89
1725	513
1726	241
1727	266
1728	319
1729	137
1730	8
1731	165
1732	209
1733	128
1734	352
1735	10
1736	3
1737	32
1738	9
1739	307
1740	484
1741	137
1742	130
1743	334
1744	73
1745	485
1746	22
1747	8
1748	32
1749	112
1750	167
1751	529
1752	124
1753	348
1754	12
1755	450
1756	29
1757	361
1758	4
1759	23
1760	62
1761	484
1762	228
1763	21
1764	71
1765	314
1766	11
1767	65
1768	9
1769	188
1770	91
1771	2
1772	154
1773	219
1774	398
1775	8
1776	29
1777	453
1778	92
1779	262
1780	168
1781	465
1782	413
1783	494
1784	30
1785	280
1786	72
1787	12
1788	85
1789	22
1790	367
1791	479
1792	62
1793	85
1794	51
1795	125
1796	17
1797	192
1798	291
1799	43
1800	14
1801	522
1802	1
1803	241
1804	448
1805	53
1806	9
1807	202
1808	289
1809	18
1810	134
1811	181
1812	21
1813	3
1814	220
1815	78
1816	91
1817	9
1818	238
1819	449
1820	32
1821	190
1822	476
1823	4
1824	442
1825	18
1826	40
1827	371
1828	156
1829	331
1830	129
1831	110
1832	335
1833	29
1834	223
1835	108
1836	162
1837	133
1838	16
1839	146
1840	17
1841	1
1842	237
1843	375
1844	449
1845	14
1846	7
1847	156
1848	284
1849	18
1850	376
1851	462
1852	254
1853	290
1854	217
1855	338
1856	131
1857	232
1858	245
1859	5
1860	27
1861	422
1862	477
1863	3
1864	72
1865	1
1866	477
1867	214
1868	448
1869	386
1870	219
1871	391
1872	399
1873	239
1874	3
1875	181
1876	470
1877	437
1878	364
1879	77
1880	454
1881	219
1882	150
1883	7
1884	48
1885	6
1886	342
1887	282
1888	61
1889	68
1890	25
1891	48
1892	75
1893	264
1894	375
1895	33
1896	28
1897	335
1898	406
1899	41
1900	45
1901	255
1902	103
1903	182
1904	89
1905	233
1906	524
1907	10
1908	332
1909	15
1910	265
1911	71
1912	36
1913	105
1914	310
1915	61
1916	316
1917	38
1918	70
1919	35
1920	302
1921	288
1922	469
1923	35
1924	50
1925	400
1926	203
1927	78
1928	229
1929	350
1930	292
1931	226
1932	13
1933	313
1934	369
1935	282
1936	1
1937	4
1938	431
1939	490
1940	60
1941	222
1942	2
1943	126
1944	320
1945	432
1946	52
1947	43
1948	160
1949	50
1950	5
1951	24
1952	37
1953	1
1954	5
1955	461
1956	2
1957	77
1958	54
1959	5
1960	344
1961	483
1962	459
1963	262
1964	180
1965	242
1966	382
1967	18
1968	526
1969	353
1970	16
1971	3
1972	123
1973	8
1974	163
1975	77
1976	378
1977	246
1978	83
1979	234
1980	45
1981	237
1982	211
1983	110
1984	146
1985	440
1986	301
1987	461
1988	6
1989	8
1990	119
1991	293
1992	98
1993	261
1994	388
1995	54
1996	48
1997	66
1998	40
1999	63
2000	1
2001	24
2002	519
2003	269
2004	174
2005	42
2006	492
2007	15
2008	10
2009	42
2010	4
2011	5
2012	377
2013	180
2014	17
2015	42
2016	82
2017	272
2018	445
2019	73
2020	483
2021	27
2022	73
2023	30
2024	1
2025	72
2026	169
2027	120
2028	141
2029	521
2030	229
2031	31
2032	135
2033	96
2034	226
2035	96
2036	487
2037	125
2038	15
2039	93
2040	36
2041	22
2042	312
2043	14
2044	1
2045	85
2046	69
2047	8
2048	454
2049	12
2050	6
2051	41
2052	136
2053	362
2054	2
2055	279
2056	354
2057	248
2058	427
2059	466
2060	395
2061	45
2062	334
2063	438
2064	168
2065	11
2066	95
2067	15
2068	354
2069	65
2070	57
2071	392
2072	147
2073	353
2074	326
2075	11
2076	403
2077	125
2078	252
2079	27
2080	24
2081	31
2082	426
2083	41
2084	64
2085	1
2086	308
2087	10
2088	41
2089	92
2090	156
2091	85
2092	183
2093	5
2094	94
2095	137
2096	38
2097	14
2098	90
2099	449
2100	415
2101	27
2102	484
2103	400
2104	181
2105	431
2106	366
2107	251
2108	127
2109	354
2110	44
2111	15
2112	60
2113	43
2114	275
2115	416
2116	89
2117	145
2118	96
2119	1
2120	349
2121	124
2122	140
2123	149
2124	16
2125	82
2126	518
2127	96
2128	374
2129	31
2130	12
2131	467
2132	30
2133	60
2134	132
2135	411
2136	159
2137	96
2138	131
2139	33
2140	422
2141	255
2142	119
2143	322
2144	259
2145	325
2146	31
2147	101
2148	337
2149	481
2150	2
2151	303
2152	25
2153	1
2154	260
2155	389
2156	61
2157	396
2158	81
2159	70
2160	513
2161	66
2162	204
2163	195
2164	47
2165	8
2166	2
2167	465
2168	502
2169	1
2170	80
2171	76
2172	43
2173	24
2174	52
2175	15
2176	2
2177	16
2178	286
2179	48
2180	162
2181	324
2182	20
2183	4
2184	56
2185	366
2186	448
2187	25
2188	130
2189	144
2190	263
2191	25
2192	465
2193	33
2194	332
2195	504
2196	422
2197	27
2198	1
2199	296
2200	498
2201	433
2202	92
2203	56
2204	5
2205	284
2206	111
2207	207
2208	243
2209	520
2210	424
2211	13
2212	270
2213	320
2214	518
2215	46
2216	41
2217	19
2218	71
2219	104
2220	77
2221	384
2222	7
2223	8
2224	92
2225	462
2226	404
2227	13
2228	371
2229	460
2230	336
2231	2
2232	364
2233	456
2234	1
2235	125
2236	15
2237	126
2238	507
2239	119
2240	159
2241	525
2242	14
2243	193
2244	400
2245	309
2246	238
2247	1
2248	235
2249	44
2250	39
2251	7
2252	279
2253	17
2254	117
2255	192
2256	17
2257	192
2258	117
2259	230
2260	2
2261	30
2262	469
2263	449
2264	7
2265	178
2266	141
2267	36
2268	1
2269	380
2270	482
2271	266
2272	465
2273	94
2274	477
2275	3
2276	15
2277	327
2278	23
2279	404
2280	20
2281	162
2282	260
2283	1
2284	68
2285	150
2286	498
2287	506
2288	150
2289	6
2290	1
2291	67
2292	79
2293	63
2294	479
2295	299
2296	35
2297	372
2298	1
2299	477
2300	385
2301	300
2302	27
2303	29
2304	163
2305	8
2306	145
2307	288
2308	377
2309	8
2310	201
2311	68
2312	92
2313	17
2314	129
2315	1
2316	5
2317	32
2318	125
2319	149
2320	313
2321	269
2322	2
2323	52
2324	404
2325	54
2326	282
2327	258
2328	81
2329	173
2330	94
2331	17
2332	288
2333	258
2334	52
2335	26
2336	29
2337	416
2338	446
2339	52
2340	338
2341	33
2342	516
2343	456
2344	277
2345	131
2346	512
2347	471
2348	33
2349	433
2350	24
2351	82
2352	487
2353	4
2354	14
2355	423
2356	480
2357	87
2358	10
2359	50
2360	1
2361	315
2362	28
2363	18
2364	23
2365	389
2366	18
2367	128
2368	528
2369	2
2370	242
2371	328
2372	323
2373	35
2374	396
2375	181
2376	89
2377	499
2378	380
2379	459
2380	4
2381	27
2382	465
2383	410
2384	70
2385	36
2386	135
2387	273
2388	154
2389	47
2390	344
2391	168
2392	424
2393	12
2394	24
2395	473
2396	31
2397	191
2398	431
2399	303
2400	6
2401	28
2402	333
2403	216
2404	435
2405	22
2406	278
2407	148
2408	96
2409	55
2410	87
2411	4
2412	91
2413	326
2414	234
2415	247
2416	403
2417	339
2418	3
2419	1
2420	495
2421	155
2422	12
2423	33
2424	105
2425	496
2426	430
2427	227
2428	382
2429	127
2430	1
2431	28
2432	39
2433	250
2434	251
2435	158
2436	67
2437	3
2438	141
2439	1
2440	21
2441	16
2442	175
2443	106
2444	145
2445	408
2446	38
2447	502
2448	26
2449	1
2450	121
2451	16
2452	181
2453	60
2454	349
2455	257
2456	23
2457	1
2458	43
2459	279
2460	52
2461	3
2462	284
2463	21
2464	192
2465	19
2466	241
2467	11
2468	234
2469	28
2470	292
2471	224
2472	516
2473	43
2474	472
2475	276
2476	342
2477	103
2478	522
2479	176
2480	181
2481	249
2482	151
2483	14
2484	255
2485	9
2486	13
2487	6
2488	6
2489	428
2490	328
2491	7
2492	6
2493	415
2494	417
2495	26
2496	63
2497	454
2498	354
2499	2
2500	397
2501	78
2502	323
2503	1
2504	46
2505	121
2506	107
2507	421
2508	42
2509	5
2510	4
2511	505
2512	250
2513	463
2514	249
2515	2
2516	47
2517	107
2518	292
2519	523
2520	177
2521	2
2522	85
2523	22
2524	17
2525	7
2526	33
2527	428
2528	488
2529	154
2530	260
2531	370
2532	35
2533	13
2534	269
2535	156
2536	62
2537	309
2538	114
2539	356
2540	93
2541	112
2542	318
2543	486
2544	95
2545	45
2546	304
2547	66
2548	7
2549	17
2550	222
2551	24
2552	30
2553	58
2554	2
2555	23
2556	5
2557	115
2558	405
2559	45
2560	301
2561	42
2562	10
2563	329
2564	165
2565	457
2566	275
2567	40
2568	142
2569	81
2570	509
2571	98
2572	165
2573	102
2574	216
2575	297
2576	383
2577	319
2578	335
2579	14
2580	2
2581	3
2582	35
2583	4
2584	464
2585	97
2586	279
2587	70
2588	353
2589	413
2590	23
2591	235
2592	169
2593	36
2594	17
2595	162
2596	20
2597	11
2598	244
2599	109
2600	241
2601	269
2602	2
2603	301
2604	522
2605	365
2606	55
2607	19
2608	54
2609	195
2610	26
2611	72
2612	426
2613	103
2614	5
2615	76
2616	1
2617	9
2618	7
2619	211
2620	291
2621	30
2622	220
2623	313
2624	210
2625	2
2626	326
2627	33
2628	450
2629	51
2630	1
2631	322
2632	1
2633	329
2634	131
2635	36
2636	171
2637	15
2638	411
2639	55
2640	25
2641	2
2642	452
2643	11
2644	441
2645	6
2646	388
2647	362
2648	11
2649	289
2650	33
2651	253
2652	103
2653	44
2654	355
2655	446
2656	141
2657	468
2658	346
2659	492
2660	47
2661	12
2662	69
2663	69
2664	9
2665	317
2666	434
2667	174
2668	262
2669	8
2670	64
2671	21
2672	96
2673	22
2674	62
2675	464
2676	515
2677	68
2678	7
2679	11
2680	341
2681	131
2682	56
2683	175
2684	18
2685	17
2686	437
2687	311
2688	385
2689	148
2690	346
2691	85
2692	57
2693	329
2694	83
2695	279
2696	510
2697	67
2698	455
2699	180
2700	308
2701	272
2702	411
2703	12
2704	110
2705	6
2706	36
2707	248
2708	152
2709	291
2710	93
2711	257
2712	508
2713	72
2714	523
2715	342
2716	30
2717	24
2718	223
2719	94
2720	489
2721	16
2722	235
2723	163
2724	344
2725	4
2726	7
2727	77
2728	102
2729	163
2730	41
2731	90
2732	9
2733	282
2734	356
2735	182
2736	12
2737	17
2738	45
2739	14
2740	66
2741	106
2742	198
2743	239
2744	271
2745	198
2746	316
2747	471
2748	28
2749	232
2750	362
2751	492
2752	376
2753	31
2754	43
2755	2
2756	26
2757	215
2758	105
2759	1
2760	39
2761	218
2762	476
2763	12
2764	24
2765	78
2766	132
2767	120
2768	239
2769	47
2770	146
2771	128
2772	49
2773	19
2774	34
2775	42
2776	209
2777	98
2778	11
2779	5
2780	63
2781	19
2782	172
2783	111
2784	52
2785	339
2786	75
2787	171
2788	60
2789	1
2790	320
2791	6
2792	516
2793	94
2794	244
2795	358
2796	75
2797	303
2798	367
2799	1
2800	24
2801	46
2802	327
2803	453
2804	277
2805	2
2806	37
2807	182
2808	76
2809	271
2810	218
2811	230
2812	3
2813	196
2814	468
2815	20
2816	16
2817	376
2818	204
2819	13
2820	249
2821	89
2822	15
2823	451
2824	423
2825	250
2826	108
2827	332
2828	34
2829	55
2830	308
2831	341
2832	105
2833	364
2834	121
2835	399
2836	78
2837	124
2838	293
2839	118
2840	389
2841	84
2842	175
2843	12
2844	257
2845	235
2846	293
2847	375
2848	370
2849	192
2850	441
2851	63
2852	43
2853	4
2854	68
2855	390
2856	471
2857	451
2858	10
2859	161
2860	493
2861	412
2862	120
2863	114
2864	275
2865	2
2866	14
2867	22
2868	229
2869	103
2870	89
2871	327
2872	112
2873	462
2874	5
2875	53
2876	387
2877	75
2878	494
2879	455
2880	1
2881	30
2882	16
2883	145
2884	394
2885	347
2886	15
2887	13
2888	528
2889	39
2890	495
2891	19
2892	369
2893	37
2894	399
2895	42
2896	440
2897	55
2898	497
2899	71
2900	419
2901	17
2902	7
2903	298
2904	153
2905	4
2906	113
2907	330
2908	353
2909	476
2910	81
2911	2
2912	225
2913	2
2914	1
2915	466
2916	7
2917	113
2918	94
2919	155
2920	113
2921	205
2922	290
2923	44
2924	171
2925	184
2926	175
2927	61
2928	115
2929	507
2930	146
2931	57
2932	488
2933	154
2934	114
2935	426
2936	327
2937	3
2938	217
2939	502
2940	287
2941	332
2942	228
2943	13
2944	498
2945	12
2946	38
2947	432
2948	150
2949	295
2950	97
2951	21
2952	10
2953	2
2954	127
2955	489
2956	3
2957	263
2958	19
2959	515
2960	70
2961	146
2962	15
2963	42
2964	462
2965	180
2966	307
2967	11
2968	53
2969	12
2970	196
2971	62
2972	389
2973	2
2974	325
2975	44
2976	116
2977	24
2978	1
2979	303
2980	177
2981	159
2982	355
2983	37
2984	207
2985	99
2986	303
2987	244
2988	17
2989	525
2990	283
2991	88
2992	12
2993	504
2994	390
2995	368
2996	288
2997	354
2998	4
2999	11
3000	5
3001	126
3002	18
3003	473
3004	187
3005	426
3006	54
3007	7
3008	417
3009	308
3010	2
3011	489
3012	157
3013	390
3014	19
3015	340
3016	328
3017	76
3018	281
3019	99
3020	390
3021	121
3022	244
3023	408
3024	464
3025	162
3026	62
3027	83
3028	88
3029	202
3030	66
3031	273
3032	4
3033	5
3034	483
3035	324
3036	507
3037	303
3038	349
3039	70
3040	299
3041	201
3042	474
3043	396
3044	492
3045	101
3046	476
3047	2
3048	97
3049	57
3050	109
3051	141
3052	153
3053	51
3054	262
3055	3
3056	55
3057	2
3058	36
3059	150
3060	478
3061	224
3062	173
3063	449
3064	1
3065	271
3066	213
3067	100
3068	171
3069	106
3070	134
3071	478
3072	1
3073	218
3074	9
3075	1
3076	44
3077	474
3078	3
3079	43
3080	6
3081	471
3082	196
3083	487
3084	12
3085	355
3086	294
3087	34
3088	441
3089	117
3090	65
3091	505
3092	425
3093	522
3094	240
3095	436
3096	225
3097	431
3098	64
3099	131
3100	342
3101	1
3102	11
3103	287
3104	25
3105	286
3106	417
3107	211
3108	186
3109	160
3110	160
3111	87
3112	517
3113	347
3114	25
3115	17
3116	53
3117	11
3118	210
3119	106
3120	55
3121	240
3122	35
3123	277
3124	251
3125	28
3126	13
3127	97
3128	102
3129	49
3130	50
3131	72
3132	226
3133	24
3134	20
3135	7
3136	63
3137	455
3138	22
3139	237
3140	500
3141	3
3142	138
3143	27
3144	248
3145	19
3146	40
3147	232
3148	50
3149	261
3150	273
3151	62
3152	62
3153	324
3154	379
3155	97
3156	168
3157	80
3158	54
3159	188
3160	24
3161	302
3162	371
3163	285
3164	514
3165	22
3166	263
3167	174
3168	523
3169	112
3170	90
3171	14
3172	147
3173	190
3174	124
3175	347
3176	414
3177	10
3178	149
3179	2
3180	23
3181	19
3182	526
3183	95
3184	116
3185	15
3186	89
3187	434
3188	299
3189	247
3190	316
3191	1
3192	70
3193	83
3194	127
3195	32
3196	310
3197	402
3198	113
3199	58
3200	8
3201	306
3202	250
3203	4
3204	456
3205	225
3206	21
3207	388
3208	440
3209	213
3210	108
3211	320
3212	484
3213	418
3214	294
3215	358
3216	312
3217	442
3218	2
3219	294
3220	199
3221	113
3222	165
3223	37
3224	195
3225	321
3226	385
3227	31
3228	108
3229	394
3230	494
3231	137
3232	109
3233	149
3234	143
3235	335
3236	109
3237	234
3238	167
3239	352
3240	67
3241	76
3242	147
3243	430
3244	121
3245	323
3246	162
3247	165
3248	190
3249	188
3250	6
3251	106
3252	256
3253	129
3254	1
3255	52
3256	229
3257	87
3258	13
3259	442
3260	6
3261	292
3262	40
3263	26
3264	433
3265	307
3266	143
3267	15
3268	5
3269	228
3270	219
3271	301
3272	18
3273	1
3274	360
3275	265
3276	445
3277	50
3278	305
3279	254
3280	356
3281	313
3282	415
3283	518
3284	54
3285	456
3286	381
3287	317
3288	273
3289	41
3290	21
3291	28
3292	215
3293	2
3294	86
3295	224
3296	145
3297	142
3298	211
3299	209
3300	200
3301	272
3302	3
3303	11
3304	60
3305	36
3306	297
3307	481
3308	361
3309	54
3310	6
3311	131
3312	263
3313	430
3314	109
3315	214
3316	93
3317	42
3318	68
3319	370
3320	318
3321	401
3322	448
3323	14
3324	344
3325	486
3326	1
3327	9
3328	192
3329	2
3330	169
3331	102
3332	276
3333	51
3334	13
3335	1
3336	169
3337	1
3338	2
3339	40
3340	351
3341	221
3342	90
3343	12
3344	84
3345	172
3346	362
3347	178
3348	8
3349	169
3350	352
3351	97
3352	17
3353	244
3354	383
3355	305
3356	105
3357	362
3358	85
3359	381
3360	20
3361	19
3362	186
3363	46
3364	135
3365	12
3366	511
3367	126
3368	90
3369	287
3370	20
3371	453
3372	23
3373	137
3374	363
3375	374
3376	333
3377	48
3378	111
3379	5
3380	14
3381	160
3382	132
3383	396
3384	475
3385	84
3386	245
3387	495
3388	65
3389	65
3390	201
3391	262
3392	268
3393	32
3394	15
3395	1
3396	84
3397	338
3398	156
3399	93
3400	256
3401	314
3402	157
3403	47
3404	430
3405	64
3406	203
3407	190
3408	105
3409	391
3410	265
3411	299
3412	158
3413	349
3414	3
3415	105
3416	53
3417	106
3418	472
3419	315
3420	23
3421	80
3422	124
3423	1
3424	424
3425	57
3426	446
3427	264
3428	496
3429	114
3430	2
3431	151
3432	256
3433	141
3434	91
3435	20
3436	153
3437	461
3438	429
3439	5
3440	283
3441	113
3442	3
3443	118
3444	7
3445	341
3446	16
3447	154
3448	2
3449	488
3450	151
3451	83
3452	156
3453	239
3454	253
3455	288
3456	357
3457	133
3458	297
3459	84
3460	237
3461	38
3462	123
3463	35
3464	494
3465	498
3466	122
3467	330
3468	62
3469	387
3470	100
3471	134
3472	304
3473	88
3474	118
3475	276
3476	285
3477	1
3478	3
3479	170
3480	523
3481	110
3482	12
3483	439
3484	62
3485	22
3486	379
3487	1
3488	4
3489	18
3490	58
3491	210
3492	146
3493	146
3494	324
3495	276
3496	3
3497	237
3498	80
3499	1
3500	39
3501	381
3502	32
3503	300
3504	234
3505	412
3506	106
3507	126
3508	2
3509	338
3510	43
3511	90
3512	418
3513	254
3514	115
3515	49
3516	450
3517	141
3518	200
3519	30
3520	204
3521	22
3522	86
3523	361
3524	226
3525	329
3526	16
3527	124
3528	105
3529	78
3530	470
3531	15
3532	14
3533	514
3534	132
3535	35
3536	11
3537	2
3538	15
3539	65
3540	67
3541	346
3542	50
3543	148
3544	28
3545	361
3546	3
3547	397
3548	212
3549	267
3550	2
3551	372
3552	43
3553	220
3554	183
3555	405
3556	36
3557	479
3558	11
3559	503
3560	118
3561	174
3562	254
3563	176
3564	130
3565	497
3566	242
3567	21
3568	30
3569	410
3570	85
3571	447
3572	1
3573	289
3574	142
3575	94
3576	46
3577	27
3578	188
3579	46
3580	29
3581	122
3582	160
3583	221
3584	491
3585	20
3586	181
3587	9
3588	20
3589	209
3590	93
3591	175
3592	253
3593	164
3594	503
3595	84
3596	156
3597	152
3598	95
3599	268
3600	4
3601	25
3602	12
3603	360
3604	99
3605	348
3606	283
3607	73
3608	1
3609	431
3610	78
3611	62
3612	236
3613	432
3614	20
3615	207
3616	25
3617	58
3618	302
3619	123
3620	448
3621	491
3622	4
3623	32
3624	102
3625	47
3626	25
3627	415
3628	331
3629	123
3630	10
3631	357
3632	163
3633	155
3634	343
3635	339
3636	82
3637	3
3638	305
3639	497
3640	58
3641	253
3642	50
3643	255
3644	273
3645	440
3646	141
3647	203
3648	28
3649	230
3650	356
3651	1
3652	268
3653	52
3654	47
3655	104
3656	134
3657	515
3658	488
3659	60
3660	319
3661	343
3662	211
3663	16
3664	137
3665	319
3666	18
3667	493
3668	97
3669	6
3670	367
3671	145
3672	349
3673	232
3674	118
3675	52
3676	1
3677	1
3678	145
3679	505
3680	245
3681	44
3682	418
3683	51
3684	27
3685	41
3686	395
3687	1
3688	10
3689	344
3690	14
3691	425
3692	37
3693	40
3694	476
3695	2
3696	188
3697	245
3698	1
3699	21
3700	156
3701	277
3702	173
3703	482
3704	320
3705	78
3706	36
3707	176
3708	140
3709	229
3710	284
3711	88
3712	79
3713	33
3714	22
3715	478
3716	31
3717	155
3718	117
3719	1
3720	159
3721	19
3722	55
3723	114
3724	93
3725	473
3726	274
3727	323
3728	297
3729	479
3730	2
3731	172
3732	67
3733	325
3734	500
3735	139
3736	281
3737	142
3738	59
3739	144
3740	70
3741	193
3742	19
3743	5
3744	462
3745	353
3746	257
3747	31
3748	36
3749	394
3750	63
3751	325
3752	140
3753	228
3754	441
3755	405
3756	187
3757	130
3758	358
3759	359
3760	439
3761	167
3762	76
3763	32
3764	237
3765	104
3766	44
3767	38
3768	26
3769	16
3770	193
3771	371
3772	259
3773	172
3774	309
3775	60
3776	26
3777	49
3778	69
3779	405
3780	330
3781	7
3782	190
3783	363
3784	185
3785	3
3786	230
3787	28
3788	340
3789	268
3790	26
3791	13
3792	250
3793	473
3794	217
3795	408
3796	525
3797	248
3798	12
3799	136
3800	97
3801	368
3802	79
3803	65
3804	57
3805	522
3806	129
3807	296
3808	114
3809	486
3810	27
3811	215
3812	364
3813	186
3814	320
3815	158
3816	207
3817	214
3818	42
3819	81
3820	359
3821	112
3822	498
3823	93
3824	2
3825	211
3826	68
3827	269
3828	221
3829	16
3830	183
3831	113
3832	69
3833	511
3834	1
3835	61
3836	86
3837	39
3838	345
3839	183
3840	63
3841	1
3842	176
3843	4
3844	146
3845	274
3846	315
3847	103
3848	274
3849	83
3850	63
3851	1
3852	343
3853	242
3854	263
3855	1
3856	41
3857	422
3858	266
3859	357
3860	336
3861	433
3862	8
3863	404
3864	216
3865	75
3866	1
3867	91
3868	177
3869	106
3870	430
3871	229
3872	474
3873	26
3874	76
3875	93
3876	257
3877	85
3878	124
3879	105
3880	226
3881	65
3882	18
3883	376
3884	149
3885	396
3886	233
3887	197
3888	274
3889	444
3890	306
3891	60
3892	55
3893	83
3894	4
3895	166
3896	252
3897	45
3898	53
3899	51
3900	3
3901	452
3902	34
3903	109
3904	409
3905	1
3906	1
3907	93
3908	15
3909	3
3910	123
3911	267
3912	3
3913	140
3914	16
3915	378
3916	208
3917	95
3918	444
3919	316
3920	57
3921	121
3922	146
3923	7
3924	45
3925	528
3926	224
3927	514
3928	130
3929	336
3930	41
3931	410
3932	418
3933	359
3934	32
3935	198
3936	1
3937	67
3938	9
3939	215
3940	345
3941	145
3942	2
3943	143
3944	4
3945	61
3946	236
3947	102
3948	440
3949	158
3950	124
3951	203
3952	91
3953	431
3954	329
3955	156
3956	109
3957	301
3958	188
3959	427
3960	327
3961	97
3962	2
3963	15
3964	10
3965	360
3966	257
3967	528
3968	72
3969	7
3970	296
3971	151
3972	193
3973	137
3974	529
3975	62
3976	128
3977	451
3978	1
3979	309
3980	14
3981	361
3982	79
3983	3
3984	101
3985	496
3986	279
3987	13
3988	90
3989	430
3990	352
3991	231
3992	160
3993	2
3994	471
3995	41
3996	356
3997	358
3998	474
3999	357
4000	344
4001	420
4002	32
4003	470
4004	176
4005	389
4006	287
4007	483
4008	3
4009	182
4010	294
4011	1
4012	4
4013	339
4014	72
4015	426
4016	78
4017	8
4018	5
4019	388
4020	326
4021	225
4022	24
4023	28
4024	404
4025	73
4026	485
4027	442
4028	88
4029	37
4030	216
4031	492
4032	39
4033	380
4034	421
4035	8
4036	401
4037	133
4038	231
4039	163
4040	4
4041	6
4042	501
4043	114
4044	110
4045	313
4046	7
4047	8
4048	47
4049	12
4050	218
4051	240
4052	285
4053	21
4054	3
4055	28
4056	61
4057	306
4058	4
4059	133
4060	11
4061	314
4062	306
4063	79
4064	15
4065	402
4066	233
4067	323
4068	214
4069	467
4070	272
4071	109
4072	235
4073	28
4074	20
4075	5
4076	1
4077	302
4078	11
4079	33
4080	2
4081	92
4082	94
4083	417
4084	396
4085	108
4086	13
4087	29
4088	171
4089	1
4090	401
4091	148
4092	282
4093	310
4094	158
4095	200
4096	396
4097	136
4098	19
4099	38
4100	137
4101	187
4102	453
4103	9
4104	8
4105	345
4106	82
4107	405
4108	527
4109	222
4110	380
4111	204
4112	4
4113	26
4114	427
4115	403
4116	30
4117	8
4118	6
4119	358
4120	1
4121	28
4122	82
4123	50
4124	38
4125	342
4126	250
4127	399
4128	140
4129	313
4130	90
4131	40
4132	466
4133	343
4134	434
4135	319
4136	14
4137	58
4138	26
4139	38
4140	513
4141	461
4142	269
4143	285
4144	229
4145	431
4146	94
4147	120
4148	11
4149	88
4150	8
4151	284
4152	179
4153	474
4154	6
4155	112
4156	124
4157	201
4158	187
4159	3
4160	17
4161	322
4162	258
4163	103
4164	368
4165	505
4166	110
4167	40
4168	48
4169	378
4170	283
4171	1
4172	29
4173	518
4174	69
4175	162
4176	37
4177	66
4178	9
4179	398
4180	412
4181	521
4182	173
4183	73
4184	17
4185	11
4186	69
4187	227
4188	264
4189	310
4190	184
4191	87
4192	19
4193	424
4194	100
4195	157
4196	112
4197	58
4198	184
4199	4
4200	270
4201	309
4202	13
4203	96
4204	142
4205	84
4206	48
4207	246
4208	4
4209	37
4210	484
4211	341
4212	266
4213	32
4214	232
4215	2
4216	236
4217	26
4218	138
4219	51
4220	16
4221	221
4222	340
4223	340
4224	119
4225	359
4226	86
4227	336
4228	158
4229	20
4230	35
4231	227
4232	32
4233	333
4234	19
4235	243
4236	63
4237	302
4238	33
4239	29
4240	48
4241	464
4242	219
4243	201
4244	1
4245	236
4246	462
4247	47
4248	3
4249	29
4250	373
4251	33
4252	154
4253	141
4254	389
4255	219
4256	36
4257	158
4258	332
4259	1
4260	15
4261	63
4262	16
4263	134
4264	16
4265	244
4266	35
4267	491
4268	2
4269	247
4270	267
4271	69
4272	336
4273	235
4274	59
4275	1
4276	15
4277	27
4278	22
4279	40
4280	109
4281	56
4282	301
4283	4
4284	357
4285	36
4286	260
4287	3
4288	499
4289	106
4290	1
4291	419
4292	464
4293	345
4294	371
4295	16
4296	68
4297	302
4298	90
4299	489
4300	120
4301	336
4302	114
4303	409
4304	389
4305	275
4306	73
4307	60
4308	17
4309	429
4310	28
4311	144
4312	338
4313	66
4314	59
4315	227
4316	101
4317	368
4318	274
4319	318
4320	486
4321	372
4322	75
4323	145
4324	382
4325	1
4326	217
4327	493
4328	188
4329	32
4330	56
4331	410
4332	4
4333	408
4334	199
4335	457
4336	30
4337	67
4338	27
4339	243
4340	356
4341	95
4342	472
4343	3
4344	14
4345	112
4346	23
4347	226
4348	59
4349	8
4350	81
4351	97
4352	17
4353	14
4354	77
4355	256
4356	168
4357	76
4358	23
4359	172
4360	38
4361	5
4362	146
4363	81
4364	88
4365	80
4366	7
4367	522
4368	315
4369	443
4370	22
4371	22
4372	2
4373	234
4374	21
4375	139
4376	8
4377	79
4378	225
4379	412
4380	5
4381	339
4382	314
4383	90
4384	111
4385	211
4386	300
4387	270
4388	1
4389	43
4390	74
4391	67
4392	49
4393	212
4394	242
4395	267
4396	29
4397	325
4398	22
4399	86
4400	423
4401	108
4402	481
4403	45
4404	251
4405	8
4406	74
4407	25
4408	459
4409	120
4410	388
4411	31
4412	85
4413	364
4414	13
4415	348
4416	100
4417	102
4418	10
4419	34
4420	14
4421	359
4422	20
4423	24
4424	1
4425	1
4426	394
4427	259
4428	87
4429	8
4430	33
4431	86
4432	14
4433	330
4434	154
4435	4
4436	8
4437	37
4438	3
4439	246
4440	386
4441	259
4442	10
4443	228
4444	144
4445	168
4446	202
4447	249
4448	9
4449	524
4450	119
4451	235
4452	58
4453	10
4454	209
4455	22
4456	47
4457	149
4458	34
4459	253
4460	216
4461	75
4462	3
4463	236
4464	11
4465	298
4466	222
4467	20
4468	24
4469	227
4470	357
4471	240
4472	12
4473	385
4474	131
4475	224
4476	35
4477	337
4478	153
4479	76
4480	491
4481	295
4482	104
4483	49
4484	138
4485	379
4486	206
4487	81
4488	13
4489	350
4490	509
4491	214
4492	18
4493	189
4494	44
4495	242
4496	36
4497	61
4498	65
4499	87
4500	41
4501	365
4502	1
4503	217
4504	30
4505	20
4506	13
4507	6
4508	157
4509	406
4510	110
4511	145
4512	468
4513	115
4514	271
4515	138
4516	289
4517	78
4518	481
4519	220
4520	93
4521	42
4522	521
4523	386
4524	40
4525	218
4526	2
4527	366
4528	507
4529	321
4530	41
4531	213
4532	44
4533	153
4534	474
4535	1
4536	34
4537	52
4538	57
4539	407
4540	159
4541	183
4542	18
4543	69
4544	241
4545	160
4546	138
4547	252
4548	318
4549	368
4550	33
4551	59
4552	31
4553	24
4554	519
4555	126
4556	2
4557	52
4558	51
4559	1
4560	120
4561	301
4562	2
4563	77
4564	7
4565	413
4566	108
4567	115
4568	47
4569	37
4570	305
4571	14
4572	521
4573	190
4574	11
4575	222
4576	454
4577	32
4578	362
4579	379
4580	46
4581	509
4582	36
4583	23
4584	405
4585	346
4586	94
4587	366
4588	413
4589	155
4590	422
4591	145
4592	72
4593	22
4594	3
4595	12
4596	75
4597	429
4598	40
4599	185
4600	274
4601	18
4602	48
4603	243
4604	330
4605	119
4606	1
4607	7
4608	409
4609	124
4610	461
4611	147
4612	86
4613	355
4614	49
4615	351
4616	37
4617	3
4618	364
4619	13
4620	477
4621	98
4622	64
4623	280
4624	5
4625	18
4626	53
4627	23
4628	27
4629	63
4630	77
4631	203
4632	95
4633	18
4634	391
4635	423
4636	19
4637	293
4638	492
4639	179
4640	1
4641	36
4642	257
4643	482
4644	34
4645	500
4646	523
4647	100
4648	262
4649	195
4650	415
4651	147
4652	3
4653	64
4654	27
4655	266
4656	2
4657	317
4658	466
4659	438
4660	440
4661	64
4662	429
4663	142
4664	6
4665	94
4666	70
4667	4
4668	2
4669	461
4670	517
4671	495
4672	419
4673	526
4674	62
4675	21
4676	436
4677	213
4678	232
4679	15
4680	193
4681	224
4682	148
4683	21
4684	22
4685	130
4686	242
4687	12
4688	203
4689	418
4690	40
4691	406
4692	390
4693	445
4694	20
4695	17
4696	203
4697	6
4698	223
4699	414
4700	202
4701	432
4702	89
4703	20
4704	481
4705	19
4706	134
4707	62
4708	1
4709	14
4710	3
4711	348
4712	1
4713	355
4714	436
4715	43
4716	16
4717	330
4718	241
4719	505
4720	335
4721	2
4722	87
4723	36
4724	61
4725	1
4726	13
4727	193
4728	135
4729	23
4730	1
4731	13
4732	433
4733	4
4734	295
4735	398
4736	61
4737	154
4738	50
4739	79
4740	43
4741	13
4742	249
4743	1
4744	39
4745	84
4746	3
4747	110
4748	3
4749	305
4750	4
4751	32
4752	15
4753	107
4754	293
4755	19
4756	428
4757	301
4758	185
4759	200
4760	45
4761	278
4762	104
4763	328
4764	106
4765	8
4766	117
4767	72
4768	4
4769	496
4770	261
4771	104
4772	63
4773	200
4774	30
4775	527
4776	57
4777	192
4778	317
4779	16
4780	151
4781	281
4782	1
4783	89
4784	51
4785	338
4786	375
4787	365
4788	160
4789	49
4790	45
4791	82
4792	28
4793	12
4794	281
4795	1
4796	174
4797	342
4798	312
4799	129
4800	1
4801	433
4802	347
4803	76
4804	131
4805	289
4806	426
4807	440
4808	185
4809	397
4810	519
4811	179
4812	270
4813	169
4814	155
4815	176
4816	511
4817	100
4818	370
4819	194
4820	363
4821	84
4822	137
4823	44
4824	28
4825	107
4826	398
4827	242
4828	177
4829	126
4830	227
4831	60
4832	26
4833	55
4834	149
4835	7
4836	316
4837	2
4838	50
4839	65
4840	83
4841	304
4842	196
4843	40
4844	86
4845	139
4846	6
4847	173
4848	190
4849	524
4850	259
4851	6
4852	21
4853	320
4854	507
4855	265
4856	93
4857	25
4858	529
4859	47
4860	101
4861	445
4862	24
4863	87
4864	95
4865	40
4866	8
4867	296
4868	21
4869	500
4870	21
4871	4
4872	122
4873	5
4874	85
4875	268
4876	274
4877	8
4878	4
4879	296
4880	9
4881	9
4882	253
4883	2
4884	15
4885	9
4886	207
4887	185
4888	104
4889	420
4890	187
4891	40
4892	122
4893	160
4894	29
4895	58
4896	1
4897	160
4898	125
4899	525
4900	2
4901	7
4902	157
4903	201
4904	13
4905	201
4906	200
4907	171
4908	138
4909	352
4910	10
4911	504
4912	1
4913	25
4914	150
4915	228
4916	458
4917	334
4918	218
4919	6
4920	33
4921	446
4922	525
4923	331
4924	2
4925	1
4926	94
4927	1
4928	115
4929	515
4930	174
4931	483
4932	41
4933	186
4934	212
4935	11
4936	496
4937	428
4938	377
4939	202
4940	47
4941	7
4942	5
4943	125
4944	163
4945	450
4946	47
4947	223
4948	395
4949	14
4950	281
4951	153
4952	479
4953	441
4954	1
4955	103
4956	62
4957	201
4958	71
4959	57
4960	10
4961	50
4962	425
4963	362
4964	285
4965	308
4966	30
4967	104
4968	471
4969	265
4970	350
4971	108
4972	391
4973	8
4974	387
4975	7
4976	163
4977	435
4978	349
4979	196
4980	155
4981	5
4982	25
4983	416
4984	317
4985	168
4986	24
4987	42
4988	261
4989	136
4990	161
4991	210
4992	178
4993	156
4994	1
4995	231
4996	444
4997	164
4998	167
4999	427
5000	49
5001	219
5002	48
5003	68
5004	2
5005	261
5006	351
5007	181
5008	489
5009	29
5010	123
5011	118
5012	384
5013	114
5014	25
5015	128
5016	92
5017	493
5018	307
5019	7
5020	12
5021	20
5022	134
5023	315
5024	258
5025	306
5026	276
5027	352
5028	1
5029	1
5030	151
5031	517
5032	201
5033	70
5034	20
5035	201
5036	15
5037	99
5038	26
5039	197
5040	352
5041	518
5042	13
5043	29
5044	60
5045	493
5046	312
5047	78
5048	171
5049	20
5050	343
5051	1
5052	13
5053	182
5054	139
5055	498
5056	397
5057	111
5058	211
5059	381
5060	464
5061	7
5062	313
5063	2
5064	280
5065	155
5066	132
5067	224
5068	18
5069	174
5070	337
5071	178
5072	54
5073	83
5074	295
5075	1
5076	173
5077	63
5078	1
5079	143
5080	381
5081	237
5082	217
5083	106
5084	57
5085	190
5086	110
5087	161
5088	271
5089	138
5090	57
5091	195
5092	119
5093	152
5094	67
5095	467
5096	64
5097	9
5098	4
5099	89
5100	369
5101	516
5102	211
5103	9
5104	20
5105	462
5106	503
5107	17
5108	10
5109	193
5110	365
5111	123
5112	128
5113	37
5114	101
5115	37
5116	275
5117	201
5118	101
5119	1
5120	44
5121	519
5122	184
5123	113
5124	77
5125	49
5126	62
5127	24
5128	74
5129	415
5130	221
5131	198
5132	408
5133	177
5134	365
5135	18
5136	483
5137	3
5138	46
5139	275
5140	126
5141	480
5142	354
5143	168
5144	256
5145	1
5146	17
5147	372
5148	49
5149	41
5150	20
5151	63
5152	283
5153	11
5154	37
5155	26
5156	16
5157	39
5158	7
5159	247
5160	70
5161	2
5162	70
5163	34
5164	274
5165	1
5166	169
5167	30
5168	71
5169	290
5170	38
5171	12
5172	24
5173	504
5174	183
5175	11
5176	298
5177	351
5178	10
5179	69
5180	127
5181	346
5182	232
5183	508
5184	28
5185	404
5186	39
5187	74
5188	77
5189	358
5190	511
5191	37
5192	310
5193	262
5194	107
5195	28
5196	107
5197	290
5198	142
5199	88
5200	53
5201	302
5202	180
5203	1
5204	3
5205	439
5206	196
5207	46
5208	34
5209	71
5210	41
5211	287
5212	94
5213	6
5214	518
5215	5
5216	27
5217	181
5218	327
5219	38
5220	6
5221	6
5222	2
5223	429
5224	503
5225	264
5226	2
5227	146
5228	507
5229	75
5230	193
5231	278
5232	65
5233	36
5234	291
5235	135
5236	261
5237	53
5238	195
5239	359
5240	15
5241	7
5242	140
5243	326
5244	88
5245	274
5246	15
5247	421
5248	147
5249	432
5250	41
5251	465
5252	25
5253	26
5254	469
5255	341
5256	251
5257	15
5258	117
5259	369
5260	217
5261	2
5262	127
5263	51
5264	311
5265	193
5266	311
5267	192
5268	433
5269	4
5270	220
5271	21
5272	16
5273	143
5274	213
5275	284
5276	8
5277	68
5278	84
5279	326
5280	43
5281	8
5282	316
5283	290
5284	112
5285	23
5286	490
5287	423
5288	247
5289	450
5290	413
5291	466
5292	112
5293	158
5294	234
5295	268
5296	110
5297	221
5298	46
5299	304
5300	73
5301	36
5302	1
5303	15
5304	7
5305	486
5306	9
5307	102
5308	69
5309	259
5310	264
5311	1
5312	2
5313	454
5314	114
5315	1
5316	514
5317	56
5318	395
5319	1
5320	10
5321	2
5322	270
5323	4
5324	228
5325	329
5326	6
5327	5
5328	53
5329	400
5330	180
5331	333
5332	98
5333	456
5334	393
5335	103
5336	490
5337	2
5338	180
5339	261
5340	66
5341	217
5342	1
5343	91
5344	94
5345	31
5346	160
5347	395
5348	99
5349	99
5350	323
5351	86
5352	243
5353	80
5354	403
5355	4
5356	1
5357	62
5358	16
5359	19
5360	33
5361	481
5362	7
5363	249
5364	487
5365	104
5366	53
5367	71
5368	104
5369	119
5370	493
5371	59
5372	185
5373	74
5374	329
5375	306
5376	258
5377	33
5378	515
5379	16
5380	3
5381	321
5382	465
5383	36
5384	341
5385	1
5386	23
5387	240
5388	224
5389	71
5390	238
5391	111
5392	31
5393	520
5394	2
5395	184
5396	19
5397	1
5398	344
5399	51
5400	99
5401	493
5402	12
5403	370
5404	335
5405	395
5406	206
5407	420
5408	61
5409	31
5410	223
5411	51
5412	171
5413	18
5414	58
5415	253
5416	394
5417	3
5418	18
5419	447
5420	204
5421	170
5422	30
5423	11
5424	521
5425	173
5426	34
5427	298
5428	138
5429	388
5430	256
5431	56
5432	14
5433	130
5434	291
5435	491
5436	260
5437	8
5438	131
5439	9
5440	37
5441	208
5442	2
5443	173
5444	455
5445	223
5446	129
5447	501
5448	12
5449	192
5450	26
5451	467
5452	222
5453	250
5454	5
5455	287
5456	179
5457	414
5458	315
5459	38
5460	117
5461	125
5462	2
5463	230
5464	62
5465	251
5466	97
5467	5
5468	7
5469	129
5470	343
5471	132
5472	35
5473	33
5474	496
5475	434
5476	499
5477	101
5478	178
5479	30
5480	48
5481	185
5482	197
5483	302
5484	221
5485	39
5486	60
5487	25
5488	89
5489	216
5490	147
5491	211
5492	272
5493	490
5494	314
5495	42
5496	82
5497	4
5498	104
5499	298
5500	57
5501	87
5502	2
5503	42
5504	101
5505	481
5506	111
5507	20
5508	191
5509	353
5510	241
5511	369
5512	465
5513	358
5514	74
5515	351
5516	25
5517	345
5518	79
5519	69
5520	8
5521	380
5522	236
5523	430
5524	18
5525	161
5526	67
5527	59
5528	429
5529	2
5530	420
5531	180
5532	256
5533	417
5534	210
5535	199
5536	390
5537	11
5538	67
5539	162
5540	49
5541	61
5542	9
5543	141
5544	22
5545	70
5546	287
5547	526
5548	38
5549	162
5550	113
5551	1
5552	465
5553	69
5554	7
5555	2
5556	60
5557	227
5558	291
5559	438
5560	406
5561	149
5562	8
5563	29
5564	48
5565	356
5566	79
5567	387
5568	493
5569	265
5570	477
5571	443
5572	42
5573	16
5574	51
5575	36
5576	271
5577	235
5578	429
5579	1
5580	196
5581	3
5582	11
5583	248
5584	156
5585	9
5586	87
5587	136
5588	261
5589	75
5590	414
5591	18
5592	326
5593	14
5594	426
5595	2
5596	104
5597	438
5598	214
5599	448
5600	436
5601	200
5602	1
5603	231
5604	262
5605	43
5606	383
5607	254
5608	292
5609	524
5610	201
5611	524
5612	55
5613	104
5614	9
5615	356
5616	405
5617	206
5618	507
5619	304
5620	526
5621	37
5622	228
5623	283
5624	138
5625	53
5626	131
5627	203
5628	392
5629	297
5630	473
5631	48
5632	263
5633	6
5634	259
5635	496
5636	418
5637	367
5638	147
5639	44
5640	2
5641	2
5642	310
5643	144
5644	449
5645	53
5646	174
5647	31
5648	304
5649	110
5650	466
5651	384
5652	500
5653	66
5654	75
5655	88
5656	67
5657	15
5658	102
5659	375
5660	291
5661	432
5662	3
5663	279
5664	24
5665	427
5666	255
5667	34
5668	290
5669	273
5670	464
5671	336
5672	173
5673	122
5674	455
5675	46
5676	27
5677	34
5678	81
5679	337
5680	56
5681	152
5682	25
5683	1
5684	72
5685	17
5686	48
5687	13
5688	176
5689	112
5690	425
5691	293
5692	21
5693	215
5694	373
5695	10
5696	10
5697	164
5698	233
5699	222
5700	133
5701	10
5702	48
5703	436
5704	470
5705	151
5706	151
5707	53
5708	178
5709	3
5710	295
5711	122
5712	151
5713	6
5714	502
5715	91
5716	89
5717	183
5718	316
5719	431
5720	3
5721	219
5722	363
5723	197
5724	85
5725	73
5726	103
5727	38
5728	207
5729	522
5730	303
5731	521
5732	128
5733	11
5734	496
5735	79
5736	9
5737	16
5738	2
5739	206
5740	38
5741	503
5742	62
5743	20
5744	357
5745	3
5746	304
5747	92
5748	491
5749	20
5750	129
5751	451
5752	23
5753	136
5754	297
5755	322
5756	412
5757	404
5758	101
5759	199
5760	133
5761	189
5762	128
5763	217
5764	2
5765	37
5766	104
5767	81
5768	148
5769	1
5770	10
5771	351
5772	233
5773	275
5774	134
5775	381
5776	234
5777	6
5778	84
5779	85
5780	203
5781	2
5782	35
5783	499
5784	2
5785	294
5786	138
5787	24
5788	1
5789	311
5790	317
5791	451
5792	286
5793	87
5794	54
5795	1
5796	194
5797	144
5798	92
5799	182
5800	460
5801	42
5802	506
5803	16
5804	98
5805	277
5806	511
5807	72
5808	405
5809	1
5810	130
5811	39
5812	459
5813	74
5814	81
5815	347
5816	106
5817	250
5818	113
5819	93
5820	21
5821	234
5822	1
5823	97
5824	58
5825	76
5826	19
5827	359
5828	1
5829	33
5830	161
5831	447
5832	19
5833	274
5834	385
5835	71
5836	52
5837	64
5838	3
5839	288
5840	353
5841	488
5842	14
5843	397
5844	518
5845	516
5846	176
5847	1
5848	1
5849	412
5850	79
5851	51
5852	16
5853	211
5854	171
5855	18
5856	268
5857	43
5858	30
5859	419
5860	13
5861	77
5862	68
5863	399
5864	513
5865	497
5866	470
5867	143
5868	3
5869	503
5870	13
5871	380
5872	66
5873	466
5874	88
5875	103
5876	24
5877	116
5878	351
5879	335
5880	13
5881	9
5882	84
5883	280
5884	267
5885	162
5886	10
5887	501
5888	329
5889	174
5890	331
5891	294
5892	112
5893	1
5894	451
5895	453
5896	4
5897	162
5898	236
5899	133
5900	163
5901	136
5902	420
5903	166
5904	1
5905	22
5906	494
5907	22
5908	62
5909	20
5910	32
5911	45
5912	2
5913	57
5914	49
5915	77
5916	323
5917	230
5918	243
5919	258
5920	68
5921	28
5922	227
5923	55
5924	359
5925	480
5926	15
5927	1
5928	125
5929	22
5930	33
5931	469
5932	181
5933	81
5934	230
5935	28
5936	26
5937	125
5938	41
5939	435
5940	286
5941	4
5942	473
5943	500
5944	171
5945	481
5946	4
5947	53
5948	351
5949	9
5950	295
5951	44
5952	16
5953	328
5954	234
5955	169
5956	447
5957	87
5958	29
5959	229
5960	113
5961	475
5962	245
5963	90
5964	245
5965	40
5966	369
5967	124
5968	168
5969	65
5970	144
5971	178
5972	331
5973	18
5974	74
5975	116
5976	270
5977	234
5978	5
5979	15
5980	191
5981	471
5982	55
5983	20
5984	77
5985	7
5986	1
5987	464
5988	221
5989	443
5990	43
5991	275
5992	13
5993	409
5994	177
5995	316
5996	52
5997	17
5998	4
5999	468
6000	17
6001	330
6002	6
6003	437
6004	107
6005	150
6006	107
6007	1
6008	348
6009	121
6010	439
6011	519
6012	459
6013	9
6014	309
6015	150
6016	86
6017	249
6018	237
6019	384
6020	147
6021	22
6022	380
6023	179
6024	498
6025	334
6026	517
6027	428
6028	55
6029	330
6030	78
6031	9
6032	322
6033	168
6034	376
6035	166
6036	420
6037	224
6038	367
6039	2
6040	108
6041	207
6042	79
6043	10
6044	62
6045	48
6046	10
6047	277
6048	2
6049	4
6050	194
6051	268
6052	17
6053	11
6054	15
6055	16
6056	157
6057	252
6058	1
6059	223
6060	129
6061	224
6062	528
6063	3
6064	10
6065	123
6066	46
6067	154
6068	17
6069	284
6070	54
6071	3
6072	273
6073	39
6074	331
6075	337
6076	210
6077	122
6078	2
6079	342
6080	3
6081	60
6082	88
6083	179
6084	171
6085	13
6086	9
6087	98
6088	184
6089	14
6090	344
6091	1
6092	24
6093	48
6094	34
6095	184
6096	312
6097	140
6098	287
6099	328
6100	40
6101	321
6102	269
6103	187
6104	411
6105	165
6106	31
6107	74
6108	165
6109	9
6110	60
6111	362
6112	1
6113	379
6114	198
6115	47
6116	26
6117	484
6118	63
6119	209
6120	283
6121	8
6122	247
6123	29
6124	39
6125	111
6126	148
6127	1
6128	22
6129	296
6130	449
6131	278
6132	7
6133	104
6134	194
6135	36
6136	265
6137	22
6138	300
6139	417
6140	194
6141	196
6142	45
6143	164
6144	514
6145	245
6146	120
6147	248
6148	1
6149	469
6150	56
6151	9
6152	98
6153	33
6154	204
6155	82
6156	147
6157	79
6158	1
6159	475
6160	230
6161	230
6162	235
6163	138
6164	324
6165	505
6166	482
6167	431
6168	67
6169	499
6170	78
6171	115
6172	358
6173	236
6174	95
6175	117
6176	42
6177	32
6178	477
6179	45
6180	3
6181	69
6182	76
6183	27
6184	370
6185	18
6186	363
6187	437
6188	315
6189	236
6190	180
6191	267
6192	136
6193	379
6194	257
6195	156
6196	92
6197	5
6198	33
6199	3
6200	72
6201	35
6202	79
6203	16
6204	1
6205	474
6206	64
6207	122
6208	39
6209	152
6210	70
6211	208
6212	245
6213	14
6214	175
6215	3
6216	12
6217	6
6218	528
6219	30
6220	411
6221	7
6222	215
6223	385
6224	117
6225	10
6226	263
6227	346
6228	14
6229	167
6230	1
6231	103
6232	73
6233	438
6234	95
6235	152
6236	41
6237	117
6238	289
6239	74
6240	258
6241	76
6242	111
6243	7
6244	374
6245	351
6246	126
6247	53
6248	297
6249	3
6250	5
6251	115
6252	25
6253	2
6254	34
6255	392
6256	473
6257	1
6258	102
6259	301
6260	61
6261	4
6262	452
6263	44
6264	261
6265	79
6266	46
6267	154
6268	278
6269	80
6270	326
6271	460
6272	238
6273	166
6274	237
6275	97
6276	26
6277	74
6278	9
6279	9
6280	437
6281	255
6282	247
6283	329
6284	2
6285	93
6286	246
6287	347
6288	41
6289	1
6290	107
6291	34
6292	452
6293	523
6294	311
6295	10
6296	210
6297	53
6298	40
6299	509
6300	14
6301	4
6302	46
6303	282
6304	4
6305	3
6306	306
6307	219
6308	414
6309	181
6310	93
6311	505
6312	43
6313	308
6314	11
6315	41
6316	442
6317	68
6318	179
6319	23
6320	4
6321	107
6322	16
6323	80
6324	239
6325	456
6326	81
6327	2
6328	452
6329	190
6330	48
6331	52
6332	238
6333	92
6334	34
6335	45
6336	375
6337	243
6338	159
6339	338
6340	119
6341	309
6342	73
6343	386
6344	494
6345	8
6346	59
6347	15
6348	359
6349	1
6350	105
6351	155
6352	59
6353	34
6354	173
6355	230
6356	168
6357	407
6358	161
6359	101
6360	527
6361	239
6362	63
6363	10
6364	231
6365	285
6366	166
6367	33
6368	368
6369	80
6370	7
6371	169
6372	94
6373	35
6374	435
6375	122
6376	155
6377	2
6378	218
6379	71
6380	261
6381	339
6382	179
6383	342
6384	23
6385	360
6386	234
6387	140
6388	111
6389	148
6390	284
6391	98
6392	8
6393	520
6394	472
6395	144
6396	116
6397	367
6398	319
6399	409
6400	86
6401	165
6402	118
6403	83
6404	400
6405	283
6406	342
6407	152
6408	48
6409	55
6410	164
6411	155
6412	332
6413	71
6414	235
6415	136
6416	331
6417	298
6418	141
6419	16
6420	7
6421	23
6422	248
6423	3
6424	420
6425	1
6426	395
6427	263
6428	69
6429	436
6430	17
6431	254
6432	55
6433	376
6434	16
6435	110
6436	1
6437	159
6438	269
6439	123
6440	87
6441	211
6442	495
6443	37
6444	483
6445	89
6446	176
6447	337
6448	301
6449	460
6450	378
6451	6
6452	290
6453	199
6454	223
6455	105
6456	210
6457	482
6458	67
6459	252
6460	18
6461	24
6462	161
6463	220
6464	122
6465	508
6466	9
6467	348
6468	333
6469	55
6470	211
6471	44
6472	41
6473	122
6474	31
6475	2
6476	459
6477	18
6478	32
6479	1
6480	10
6481	296
6482	321
6483	70
6484	58
6485	35
6486	258
6487	233
6488	318
6489	229
6490	410
6491	494
6492	184
6493	520
6494	506
6495	412
6496	2
6497	256
6498	472
6499	147
6500	118
6501	5
6502	446
6503	21
6504	39
6505	294
6506	112
6507	8
6508	61
6509	166
6510	161
6511	508
6512	225
6513	15
6514	429
6515	148
6516	136
6517	190
6518	324
6519	524
6520	439
6521	406
6522	391
6523	373
6524	12
6525	7
6526	95
6527	276
6528	113
6529	490
6530	11
6531	86
6532	303
6533	25
6534	34
6535	144
6536	424
6537	108
6538	48
6539	40
6540	95
6541	42
6542	134
6543	118
6544	154
6545	30
6546	49
6547	413
6548	460
6549	3
6550	111
6551	379
6552	377
6553	48
6554	25
6555	90
6556	23
6557	73
6558	361
6559	2
6560	96
6561	265
6562	340
6563	443
6564	45
6565	398
6566	164
6567	217
6568	462
6569	19
6570	21
6571	9
6572	248
6573	406
6574	2
6575	45
6576	360
6577	197
6578	524
6579	336
6580	153
6581	135
6582	1
6583	35
6584	511
6585	8
6586	217
6587	180
6588	390
6589	372
6590	380
6591	58
6592	96
6593	139
6594	404
6595	87
6596	132
6597	2
6598	9
6599	123
6600	488
6601	15
6602	12
6603	8
6604	143
6605	3
6606	118
6607	516
6608	526
6609	95
6610	1
6611	14
6612	86
6613	386
6614	1
6615	463
6616	339
6617	469
6618	1
6619	127
6620	54
6621	30
6622	27
6623	365
6624	206
6625	55
6626	245
6627	219
6628	197
6629	3
6630	136
6631	269
6632	59
6633	173
6634	402
6635	13
6636	149
6637	389
6638	109
6639	255
6640	441
6641	183
6642	11
6643	218
6644	35
6645	325
6646	154
6647	94
6648	312
6649	489
6650	484
6651	9
6652	321
6653	503
6654	117
6655	120
6656	220
6657	355
6658	521
6659	123
6660	172
6661	425
6662	232
6663	12
6664	215
6665	3
6666	224
6667	69
6668	74
6669	59
6670	4
6671	103
6672	106
6673	398
6674	130
6675	18
6676	6
6677	30
6678	204
6679	72
6680	332
6681	347
6682	30
6683	315
6684	240
6685	51
6686	128
6687	19
6688	419
6689	144
6690	218
6691	129
6692	121
6693	24
6694	7
6695	259
6696	109
6697	3
6698	260
6699	275
6700	373
6701	480
6702	9
6703	1
6704	508
6705	6
6706	284
6707	495
6708	17
6709	81
6710	3
6711	329
6712	222
6713	90
6714	448
6715	274
6716	9
6717	488
6718	38
6719	343
6720	9
6721	261
6722	38
6723	1
6724	233
6725	19
6726	35
6727	74
6728	7
6729	70
6730	51
6731	114
6732	308
6733	16
6734	221
6735	38
6736	44
6737	266
6738	9
6739	6
6740	350
6741	29
6742	18
6743	2
6744	441
6745	134
6746	44
6747	71
6748	52
6749	74
6750	7
6751	512
6752	52
6753	61
6754	2
6755	47
6756	161
6757	198
6758	518
6759	24
6760	483
6761	17
6762	151
6763	2
6764	268
6765	443
6766	3
6767	238
6768	65
6769	86
6770	202
6771	4
6772	409
6773	120
6774	295
6775	37
6776	425
6777	185
6778	2
6779	109
6780	248
6781	13
6782	175
6783	213
6784	478
6785	3
6786	22
6787	207
6788	291
6789	200
6790	394
6791	274
6792	369
6793	306
6794	395
6795	17
6796	487
6797	49
6798	1
6799	377
6800	12
6801	529
6802	354
6803	9
6804	1
6805	411
6806	86
6807	80
6808	37
6809	443
6810	500
6811	11
6812	208
6813	195
6814	232
6815	257
6816	365
6817	25
6818	208
6819	44
6820	221
6821	239
6822	364
6823	1
6824	299
6825	328
6826	388
6827	296
6828	4
6829	89
6830	314
6831	46
6832	179
6833	2
6834	384
6835	30
6836	7
6837	170
6838	7
6839	57
6840	30
6841	34
6842	487
6843	385
6844	4
6845	21
6846	15
6847	31
6848	471
6849	151
6850	34
6851	445
6852	6
6853	50
6854	49
6855	214
6856	7
6857	1
6858	1
6859	135
6860	486
6861	68
6862	176
6863	297
6864	18
6865	241
6866	185
6867	60
6868	180
6869	13
6870	347
6871	519
6872	90
6873	196
6874	515
6875	266
6876	524
6877	4
6878	13
6879	381
6880	227
6881	502
6882	6
6883	4
6884	196
6885	19
6886	158
6887	9
6888	192
6889	50
6890	198
6891	3
6892	120
6893	192
6894	10
6895	187
6896	134
6897	372
6898	11
6899	223
6900	352
6901	20
6902	200
6903	143
6904	1
6905	477
6906	411
6907	327
6908	91
6909	84
6910	126
6911	19
6912	371
6913	389
6914	75
6915	39
6916	135
6917	479
6918	189
6919	56
6920	58
6921	205
6922	50
6923	380
6924	65
6925	91
6926	178
6927	88
6928	73
6929	323
6930	434
6931	363
6932	401
6933	249
6934	457
6935	55
6936	474
6937	2
6938	127
6939	442
6940	85
6941	3
6942	465
6943	25
6944	380
6945	32
6946	296
6947	381
6948	394
6949	25
6950	127
6951	123
6952	135
6953	56
6954	110
6955	123
6956	7
6957	27
6958	129
6959	139
6960	348
6961	23
6962	223
6963	446
6964	73
6965	429
6966	2
6967	58
6968	31
6969	404
6970	64
6971	336
6972	107
6973	424
6974	60
6975	480
6976	27
6977	3
6978	70
6979	426
6980	76
6981	408
6982	205
6983	2
6984	142
6985	73
6986	217
6987	15
6988	451
6989	360
6990	330
6991	41
6992	100
6993	199
6994	116
6995	458
6996	528
6997	6
6998	309
6999	467
7000	27
7001	501
7002	163
7003	231
7004	10
7005	428
7006	29
7007	119
7008	1
7009	35
7010	213
7011	174
7012	187
7013	6
7014	330
7015	64
7016	1
7017	454
7018	370
7019	233
7020	489
7021	360
7022	2
7023	21
7024	152
7025	84
7026	205
7027	524
7028	412
7029	381
7030	142
7031	387
7032	7
7033	270
7034	78
7035	234
7036	1
7037	48
7038	430
7039	1
7040	10
7041	22
7042	99
7043	220
7044	8
7045	461
7046	1
7047	175
7048	14
7049	88
7050	35
7051	232
7052	277
7053	126
7054	149
7055	233
7056	153
7057	248
7058	96
7059	356
7060	40
7061	181
7062	517
7063	2
7064	19
7065	45
7066	390
7067	386
7068	425
7069	10
7070	13
7071	394
7072	319
7073	68
7074	409
7075	22
7076	35
7077	21
7078	160
7079	348
7080	483
7081	141
7082	11
7083	362
7084	377
7085	228
7086	454
7087	260
7088	34
7089	69
7090	490
7091	341
7092	3
7093	83
7094	57
7095	149
7096	259
7097	105
7098	385
7099	143
7100	122
7101	4
7102	13
7103	172
7104	340
7105	208
7106	209
7107	163
7108	463
7109	527
7110	518
7111	136
7112	502
7113	98
7114	59
7115	407
7116	443
7117	512
7118	5
7119	350
7120	142
7121	30
7122	485
7123	287
7124	39
7125	370
7126	318
7127	33
7128	16
7129	6
7130	175
7131	254
7132	57
7133	231
7134	12
7135	81
7136	25
7137	3
7138	8
7139	400
7140	127
7141	3
7142	403
7143	146
7144	225
7145	14
7146	280
7147	231
7148	21
7149	36
7150	501
7151	225
7152	1
7153	487
7154	101
7155	197
7156	361
7157	2
7158	357
7159	247
7160	58
7161	8
7162	241
7163	479
7164	24
7165	384
7166	282
7167	30
7168	47
7169	2
7170	48
7171	47
7172	512
7173	12
7174	343
7175	20
7176	96
7177	271
7178	262
7179	60
7180	11
7181	19
7182	31
7183	29
7184	12
7185	204
7186	76
7187	434
7188	5
7189	108
7190	50
7191	55
7192	4
7193	6
7194	313
7195	132
7196	94
7197	1
7198	77
7199	8
7200	144
7201	403
7202	140
7203	91
7204	42
7205	2
7206	1
7207	14
7208	402
7209	236
7210	96
7211	95
7212	15
7213	31
7214	82
7215	85
7216	162
7217	3
7218	191
7219	151
7220	23
7221	37
7222	350
7223	337
7224	64
7225	115
7226	29
7227	209
7228	46
7229	19
7230	7
7231	220
7232	1
7233	4
7234	232
7235	52
7236	401
7237	77
7238	277
7239	288
7240	30
7241	447
7242	136
7243	3
7244	81
7245	233
7246	138
7247	14
7248	281
7249	10
7250	505
7251	3
7252	250
7253	1
7254	39
7255	506
7256	188
7257	175
7258	1
7259	482
7260	3
7261	215
7262	350
7263	137
7264	493
7265	139
7266	305
7267	177
7268	170
7269	7
7270	33
7271	24
7272	9
7273	126
7274	16
7275	46
7276	184
7277	12
7278	332
7279	281
7280	198
7281	3
7282	302
7283	8
7284	32
7285	96
7286	305
7287	191
7288	417
7289	205
7290	322
7291	329
7292	281
7293	241
7294	350
7295	139
7296	143
7297	384
7298	4
7299	30
7300	232
7301	72
7302	77
7303	289
7304	207
7305	1
7306	469
7307	57
7308	516
7309	315
7310	352
7311	509
7312	134
7313	506
7314	76
7315	1
7316	50
7317	37
7318	1
7319	213
7320	526
7321	422
7322	4
7323	203
7324	498
7325	195
7326	97
7327	60
7328	527
7329	19
7330	407
7331	460
7332	10
7333	1
7334	183
7335	50
7336	42
7337	20
7338	280
7339	150
7340	487
7341	259
7342	13
7343	45
7344	347
7345	23
7346	163
7347	54
7348	2
7349	139
7350	331
7351	443
7352	125
7353	108
7354	159
7355	214
7356	196
7357	1
7358	231
7359	203
7360	236
7361	421
7362	206
7363	5
7364	205
7365	12
7366	44
7367	27
7368	205
7369	85
7370	134
7371	40
7372	221
7373	401
7374	196
7375	4
7376	307
7377	28
7378	188
7379	11
7380	59
7381	2
7382	2
7383	206
7384	7
7385	466
7386	2
7387	499
7388	513
7389	347
7390	510
7391	281
7392	22
7393	42
7394	347
7395	1
7396	58
7397	24
7398	4
7399	44
7400	3
7401	110
7402	287
7403	73
7404	38
7405	51
7406	123
7407	300
7408	7
7409	1
7410	307
7411	150
7412	16
7413	232
7414	250
7415	157
7416	10
7417	2
7418	87
7419	332
7420	100
7421	35
7422	10
7423	125
7424	23
7425	10
7426	133
7427	170
7428	123
7429	21
7430	36
7431	29
7432	289
7433	258
7434	26
7435	285
7436	433
7437	448
7438	393
7439	290
7440	214
7441	197
7442	22
7443	139
7444	74
7445	351
7446	10
7447	475
7448	306
7449	4
7450	53
7451	108
7452	435
7453	336
7454	140
7455	310
7456	58
7457	300
7458	391
7459	293
7460	353
7461	335
7462	136
7463	164
7464	269
7465	80
7466	98
7467	374
7468	413
7469	337
7470	10
7471	85
7472	9
7473	166
7474	230
7475	150
7476	34
7477	61
7478	1
7479	8
7480	11
7481	2
7482	18
7483	175
7484	395
7485	56
7486	213
7487	18
7488	233
7489	220
7490	475
7491	165
7492	143
7493	6
7494	1
7495	168
7496	45
7497	346
7498	221
7499	35
7500	2
7501	59
7502	157
7503	54
7504	408
7505	128
7506	284
7507	195
7508	122
7509	400
7510	251
7511	94
7512	193
7513	393
7514	272
7515	21
7516	396
7517	2
7518	441
7519	130
7520	91
7521	71
7522	512
7523	53
7524	117
7525	443
7526	5
7527	280
7528	243
7529	155
7530	514
7531	24
7532	148
7533	122
7534	50
7535	130
7536	17
7537	345
7538	5
7539	67
7540	225
7541	19
7542	2
7543	212
7544	364
7545	19
7546	273
7547	393
7548	1
7549	317
7550	62
7551	314
7552	2
7553	355
7554	206
7555	13
7556	121
7557	18
7558	59
7559	226
7560	171
7561	194
7562	149
7563	203
7564	485
7565	37
7566	317
7567	10
7568	15
7569	181
7570	296
7571	346
7572	244
7573	79
7574	109
7575	184
7576	39
7577	322
7578	408
7579	342
7580	86
7581	20
7582	93
7583	134
7584	311
7585	1
7586	236
7587	265
7588	112
7589	113
7590	1
7591	126
7592	398
7593	22
7594	27
7595	135
7596	3
7597	79
7598	266
7599	154
7600	368
7601	152
7602	328
7603	49
7604	9
7605	270
7606	483
7607	81
7608	42
7609	6
7610	343
7611	153
7612	205
7613	2
7614	2
7615	1
7616	3
7617	189
7618	469
7619	1
7620	139
7621	96
7622	340
7623	170
7624	451
7625	189
7626	81
7627	1
7628	282
7629	100
7630	1
7631	3
7632	8
7633	221
7634	32
7635	45
7636	189
7637	44
7638	3
7639	64
7640	354
7641	75
7642	332
7643	242
7644	3
7645	100
7646	55
7647	1
7648	16
7649	254
7650	111
7651	432
7652	228
7653	227
7654	69
7655	99
7656	37
7657	133
7658	221
7659	250
7660	357
7661	158
7662	43
7663	232
7664	82
7665	28
7666	176
7667	360
7668	10
7669	392
7670	151
7671	102
7672	85
7673	405
7674	98
7675	156
7676	137
7677	62
7678	82
7679	2
7680	11
7681	48
7682	119
7683	190
7684	1
7685	305
7686	276
7687	286
7688	499
7689	80
7690	51
7691	251
7692	84
7693	255
7694	187
7695	89
7696	226
7697	8
7698	369
7699	132
7700	39
7701	294
7702	397
7703	450
7704	23
7705	3
7706	350
7707	164
7708	77
7709	27
7710	393
7711	333
7712	393
7713	428
7714	459
7715	81
7716	24
7717	398
7718	344
7719	358
7720	277
7721	192
7722	90
7723	356
7724	264
7725	37
7726	47
7727	258
7728	323
7729	39
7730	184
7731	252
7732	52
7733	197
7734	121
7735	499
7736	57
7737	67
7738	64
7739	286
7740	68
7741	294
7742	66
7743	4
7744	49
7745	367
7746	173
7747	298
7748	150
7749	315
7750	176
7751	381
7752	99
7753	18
7754	367
7755	208
7756	277
7757	341
7758	4
7759	3
7760	146
7761	42
7762	180
7763	259
7764	298
7765	179
7766	210
7767	166
7768	255
7769	116
7770	67
7771	18
7772	19
7773	485
7774	218
7775	1
7776	327
7777	416
7778	340
7779	277
7780	11
7781	2
7782	1
7783	163
7784	1
7785	5
7786	527
7787	322
7788	159
7789	19
7790	53
7791	47
7792	29
7793	436
7794	60
7795	399
7796	6
7797	83
7798	4
7799	128
7800	164
7801	452
7802	72
7803	13
7804	468
7805	52
7806	121
7807	91
7808	397
7809	365
7810	81
7811	13
7812	438
7813	44
7814	24
7815	14
7816	1
7817	335
7818	4
7819	91
7820	6
7821	143
7822	186
7823	29
7824	51
7825	241
7826	459
7827	427
7828	43
7829	334
7830	343
7831	105
7832	9
7833	162
7834	306
7835	218
7836	21
7837	81
7838	290
7839	144
7840	18
7841	36
7842	151
7843	135
7844	449
7845	496
7846	20
7847	66
7848	300
7849	9
7850	201
7851	214
7852	10
7853	126
7854	245
7855	276
7856	188
7857	246
7858	20
7859	281
7860	7
7861	16
7862	222
7863	3
7864	472
7865	10
7866	190
7867	235
7868	1
7869	280
7870	207
7871	93
7872	247
7873	245
7874	5
7875	382
7876	56
7877	216
7878	87
7879	175
7880	1
7881	242
7882	309
7883	132
7884	511
7885	172
7886	65
7887	106
7888	414
7889	123
7890	218
7891	15
7892	65
7893	46
7894	177
7895	355
7896	339
7897	382
7898	264
7899	5
7900	463
7901	20
7902	321
7903	107
7904	253
7905	35
7906	434
7907	303
7908	304
7909	40
7910	39
7911	35
7912	387
7913	66
7914	95
7915	371
7916	6
7917	2
7918	334
7919	33
7920	15
7921	525
7922	78
7923	101
7924	118
7925	51
7926	1
7927	20
7928	6
7929	410
7930	197
7931	119
7932	297
7933	313
7934	170
7935	26
7936	212
7937	84
7938	76
7939	33
7940	6
7941	5
7942	233
7943	30
7944	93
7945	442
7946	17
7947	112
7948	495
7949	349
7950	463
7951	427
7952	171
7953	3
7954	422
7955	363
7956	1
7957	1
7958	255
7959	469
7960	490
7961	344
7962	222
7963	95
7964	4
7965	29
7966	26
7967	517
7968	143
7969	293
7970	159
7971	326
7972	109
7973	421
7974	260
7975	223
7976	9
7977	26
7978	399
7979	103
7980	91
7981	419
7982	259
7983	396
7984	42
7985	455
7986	137
7987	273
7988	186
7989	8
7990	248
7991	12
7992	49
7993	2
7994	1
7995	366
7996	119
7997	6
7998	324
7999	212
8000	193
8001	228
8002	295
8003	37
8004	152
8005	236
8006	2
8007	253
8008	189
8009	130
8010	204
8011	493
8012	74
8013	1
8014	417
8015	17
8016	331
8017	478
8018	59
8019	33
8020	59
8021	50
8022	172
8023	45
8024	75
8025	511
8026	250
8027	239
8028	85
8029	145
8030	49
8031	5
8032	56
8033	23
8034	48
8035	42
8036	220
8037	153
8038	494
8039	35
8040	455
8041	74
8042	149
8043	179
8044	362
8045	460
8046	178
8047	182
8048	433
8049	42
8050	407
8051	98
8052	189
8053	15
8054	301
8055	130
8056	256
8057	294
8058	31
8059	1
8060	368
8061	307
8062	29
8063	178
8064	383
8065	129
8066	353
8067	453
8068	5
8069	118
8070	12
8071	216
8072	140
8073	95
8074	241
8075	98
8076	208
8077	312
8078	218
8079	343
8080	13
8081	10
8082	370
8083	2
8084	202
8085	45
8086	50
8087	181
8088	9
8089	216
8090	363
8091	72
8092	199
8093	413
8094	416
8095	16
8096	13
8097	167
8098	3
8099	278
8100	514
8101	108
8102	458
8103	521
8104	115
8105	282
8106	113
8107	18
8108	353
8109	61
8110	283
8111	199
8112	173
8113	3
8114	429
8115	52
8116	258
8117	8
8118	254
8119	136
8120	44
8121	117
8122	379
8123	65
8124	43
8125	145
8126	500
8127	2
8128	421
8129	15
8130	284
8131	427
8132	84
8133	486
8134	288
8135	462
8136	529
8137	1
8138	120
8139	300
8140	62
8141	166
8142	7
8143	78
8144	78
8145	238
8146	3
8147	31
8148	75
8149	43
8150	25
8151	3
8152	56
8153	28
8154	263
8155	349
8156	252
8157	39
8158	401
8159	5
8160	4
8161	69
8162	182
8163	106
8164	96
8165	169
8166	21
8167	26
8168	212
8169	7
8170	475
8171	463
8172	109
8173	351
8174	17
8175	373
8176	116
8177	189
8178	80
8179	102
8180	23
8181	95
8182	6
8183	128
8184	134
8185	2
8186	114
8187	473
8188	13
8189	529
8190	262
8191	13
8192	455
8193	445
8194	476
8195	113
8196	171
8197	38
8198	247
8199	161
8200	185
8201	49
8202	58
8203	280
8204	501
8205	18
8206	195
8207	105
8208	436
8209	141
8210	35
8211	157
8212	128
8213	474
8214	10
8215	320
8216	438
8217	70
8218	366
8219	144
8220	307
8221	515
8222	328
8223	92
8224	387
8225	1
8226	119
8227	12
8228	149
8229	191
8230	99
8231	273
8232	88
8233	315
8234	473
8235	75
8236	115
8237	136
8238	452
8239	65
8240	228
8241	366
8242	104
8243	2
8244	209
8245	415
8246	529
8247	279
8248	377
8249	155
8250	150
8251	509
8252	445
8253	400
8254	36
8255	458
8256	267
8257	1
8258	188
8259	38
8260	283
8261	5
8262	506
8263	418
8264	112
8265	25
8266	288
8267	83
8268	289
8269	31
8270	194
8271	4
8272	482
8273	467
8274	372
8275	326
8276	311
8277	359
8278	13
8279	160
8280	30
8281	8
8282	142
8283	472
8284	316
8285	378
8286	24
8287	28
8288	458
8289	85
8290	26
8291	61
8292	209
8293	15
8294	411
8295	202
8296	36
8297	519
8298	65
8299	302
8300	59
8301	36
8302	5
8303	76
8304	133
8305	6
8306	144
8307	34
8308	273
8309	223
8310	523
8311	338
8312	486
8313	3
8314	327
8315	30
8316	194
8317	58
8318	125
8319	394
8320	410
8321	484
8322	45
8323	37
8324	375
8325	374
8326	86
8327	160
8328	345
8329	13
8330	519
8331	506
8332	511
8333	132
8334	21
8335	234
8336	226
8337	124
8338	333
8339	366
8340	19
8341	9
8342	393
8343	24
8344	324
8345	209
8346	267
8347	401
8348	170
8349	161
8350	18
8351	119
8352	57
8353	239
8354	130
8355	7
8356	454
8357	20
8358	490
8359	18
8360	5
8361	247
8362	38
8363	2
8364	8
8365	176
8366	46
8367	464
8368	5
8369	7
8370	383
8371	422
8372	491
8373	92
8374	503
8375	183
8376	53
8377	173
8378	446
8379	42
8380	59
8381	70
8382	58
8383	47
8384	162
8385	147
8386	356
8387	402
8388	4
8389	91
8390	4
8391	20
8392	482
8393	4
8394	191
8395	452
8396	56
8397	46
8398	331
8399	3
8400	428
8401	92
8402	3
8403	1
8404	472
8405	32
8406	142
8407	7
8408	165
8409	420
8410	146
8411	156
8412	234
8413	14
8414	285
8415	403
8416	85
8417	186
8418	5
8419	278
8420	124
8421	290
8422	242
8423	18
8424	387
8425	19
8426	25
8427	463
8428	318
8429	365
8430	194
8431	479
8432	346
8433	123
8434	106
8435	504
8436	12
8437	1
8438	421
8439	6
8440	295
8441	228
8442	327
8443	238
8444	52
8445	1
8446	43
8447	96
8448	321
8449	30
8450	37
8451	3
8452	138
8453	492
8454	312
8455	209
8456	41
8457	71
8458	169
8459	2
8460	15
8461	154
8462	114
8463	336
8464	14
8465	1
8466	79
8467	55
8468	263
8469	293
8470	434
8471	296
8472	168
8473	310
8474	27
8475	358
8476	504
8477	100
8478	54
8479	39
8480	56
8481	69
8482	28
8483	373
8484	127
8485	460
8486	249
8487	391
8488	126
8489	1
8490	216
8491	202
8492	1
8493	488
8494	454
8495	468
8496	3
8497	354
8498	101
8499	1
8500	1
8501	38
8502	414
8503	10
8504	83
8505	62
8506	1
8507	509
8508	11
8509	371
8510	278
8511	32
8512	220
8513	458
8514	44
8515	500
8516	93
8517	20
8518	11
8519	4
8520	4
8521	334
8522	349
8523	182
8524	33
8525	59
8526	392
8527	4
8528	258
8529	89
8530	243
8531	473
8532	104
8533	107
8534	223
8535	23
8536	68
8537	426
8538	238
8539	70
8540	70
8541	467
8542	457
8543	54
8544	217
8545	90
8546	15
8547	485
8548	337
8549	122
8550	1
8551	226
8552	83
8553	1
8554	16
8555	15
8556	21
8557	46
8558	441
8559	68
8560	383
8561	340
8562	251
8563	40
8564	137
8565	66
8566	14
8567	27
8568	63
8569	172
8570	450
8571	451
8572	99
8573	276
8574	132
8575	428
8576	10
8577	8
8578	161
8579	106
8580	324
8581	363
8582	100
8583	7
8584	244
8585	445
8586	213
8587	16
8588	81
8589	174
8590	243
8591	317
8592	529
8593	246
8594	25
8595	60
8596	68
8597	184
8598	5
8599	34
8600	199
8601	471
8602	72
8603	515
8604	127
8605	102
8606	167
8607	136
8608	333
8609	125
8610	11
8611	292
8612	296
8613	306
8614	152
8615	246
8616	19
8617	410
8618	200
8619	148
8620	133
8621	332
8622	213
8623	207
8624	133
8625	285
8626	442
8627	398
8628	112
8629	374
8630	1
8631	26
8632	433
8633	52
8634	215
8635	39
8636	3
8637	6
8638	27
8639	53
8640	287
8641	75
8642	242
8643	251
8644	479
8645	5
8646	147
8647	300
8648	49
8649	303
8650	241
8651	53
8652	377
8653	397
8654	514
8655	16
8656	481
8657	3
8658	11
8659	4
8660	118
8661	157
8662	1
8663	131
8664	21
8665	256
8666	136
8667	244
8668	78
8669	420
8670	10
8671	2
8672	200
8673	26
8674	14
8675	114
8676	2
8677	310
8678	183
8679	109
8680	25
8681	140
8682	210
8683	512
8684	254
8685	139
8686	154
8687	2
8688	357
8689	3
8690	40
8691	147
8692	110
8693	253
8694	76
8695	34
8696	467
8697	74
8698	5
8699	492
8700	254
8701	63
8702	458
8703	418
8704	3
8705	304
8706	91
8707	159
8708	520
8709	490
8710	170
8711	3
8712	19
8713	135
8714	492
8715	201
8716	4
8717	397
8718	297
8719	4
8720	4
8721	63
8722	3
8723	427
8724	7
8725	24
8726	96
8727	186
8728	1
8729	214
8730	377
8731	151
8732	118
8733	11
8734	108
8735	83
8736	8
8737	194
8738	82
8739	180
8740	369
8741	341
8742	191
8743	55
8744	292
8745	470
8746	5
8747	322
8748	159
8749	171
8750	87
8751	195
8752	179
8753	35
8754	16
8755	43
8756	148
8757	19
8758	423
8759	496
8760	240
8761	6
8762	246
8763	1
8764	24
8765	30
8766	260
8767	245
8768	1
8769	392
8770	367
8771	395
8772	84
8773	497
8774	245
8775	19
8776	2
8777	497
8778	20
8779	312
8780	163
8781	12
8782	137
8783	23
8784	394
8785	75
8786	187
8787	9
8788	151
8789	24
8790	162
8791	191
8792	177
8793	177
8794	240
8795	324
8796	154
8797	42
8798	48
8799	10
8800	490
8801	72
8802	8
8803	9
8804	192
8805	433
8806	360
8807	90
8808	199
8809	34
8810	399
8811	21
8812	3
8813	1
8814	16
8815	422
8816	310
8817	375
8818	166
8819	22
8820	72
8821	231
8822	513
8823	270
8824	15
8825	116
8826	57
8827	89
8828	354
8829	148
8830	90
8831	190
8832	36
8833	101
8834	4
8835	21
8836	205
8837	98
8838	384
8839	105
8840	34
8841	7
8842	16
8843	268
8844	1
8845	215
8846	331
8847	27
8848	213
8849	75
8850	240
8851	21
8852	9
8853	178
8854	454
8855	96
8856	152
8857	452
8858	507
8859	1
8860	289
8861	17
8862	350
8863	344
8864	184
8865	133
8866	237
8867	32
8868	29
8869	34
8870	80
8871	159
8872	355
8873	98
8874	30
8875	197
8876	387
8877	54
8878	2
8879	14
8880	12
8881	2
8882	391
8883	4
8884	407
8885	33
8886	186
8887	58
8888	148
8889	29
8890	5
8891	4
8892	111
8893	18
8894	223
8895	97
8896	44
8897	162
8898	206
8899	6
8900	174
8901	117
8902	363
8903	57
8904	23
8905	4
8906	76
8907	323
8908	286
8909	75
8910	11
8911	58
8912	195
8913	252
8914	45
8915	375
8916	14
8917	345
8918	181
8919	222
8920	6
8921	439
8922	10
8923	92
8924	57
8925	4
8926	54
8927	115
8928	525
8929	488
8930	27
8931	22
8932	107
8933	2
8934	204
8935	61
8936	342
8937	6
8938	238
8939	99
8940	207
8941	194
8942	125
8943	456
8944	48
8945	376
8946	510
8947	170
8948	57
8949	262
8950	495
8951	6
8952	403
8953	330
8954	167
8955	189
8956	208
8957	6
8958	416
8959	478
8960	397
8961	31
8962	100
8963	360
8964	16
8965	187
8966	20
8967	23
8968	8
8969	501
8970	297
8971	326
8972	84
8973	77
8974	3
8975	403
8976	480
8977	151
8978	16
8979	66
8980	315
8981	386
8982	457
8983	19
8984	7
8985	45
8986	80
8987	166
8988	48
8989	3
8990	214
8991	78
8992	73
8993	1
8994	207
8995	300
8996	83
8997	276
8998	286
8999	1
9000	416
9001	291
9002	34
9003	193
9004	77
9005	27
9006	85
9007	101
9008	6
9009	3
9010	505
9011	150
9012	55
9013	92
9014	370
9015	49
9016	17
9017	3
9018	58
9019	457
9020	26
9021	26
9022	131
9023	136
9024	203
9025	485
9026	423
9027	3
9028	35
9029	401
9030	79
9031	22
9032	56
9033	213
9034	13
9035	195
9036	167
9037	22
9038	77
9039	246
9040	47
9041	10
9042	77
9043	126
9044	39
9045	72
9046	212
9047	1
9048	2
9049	434
9050	510
9051	82
9052	153
9053	102
9054	194
9055	12
9056	165
9057	322
9058	76
9059	129
9060	168
9061	45
9062	193
9063	419
9064	3
9065	361
9066	153
9067	392
9068	432
9069	298
9070	305
9071	170
9072	526
9073	205
9074	10
9075	521
9076	53
9077	93
9078	82
9079	407
9080	205
9081	3
9082	152
9083	42
9084	12
9085	512
9086	12
9087	178
9088	22
9089	64
9090	314
9091	117
9092	64
9093	200
9094	214
9095	341
9096	116
9097	5
9098	491
9099	111
9100	12
9101	70
9102	202
9103	1
9104	5
9105	116
9106	378
9107	160
9108	133
9109	263
9110	312
9111	36
9112	149
9113	437
9114	333
9115	510
9116	143
9117	453
9118	475
9119	266
9120	445
9121	34
9122	17
9123	102
9124	34
9125	160
9126	345
9127	182
9128	14
9129	14
9130	121
9131	392
9132	48
9133	41
9134	74
9135	63
9136	186
9137	11
9138	49
9139	434
9140	4
9141	238
9142	44
9143	64
9144	206
9145	213
9146	106
9147	57
9148	2
9149	319
9150	25
9151	213
9152	157
9153	40
9154	85
9155	1
9156	20
9157	53
9158	92
9159	227
9160	21
9161	120
9162	508
9163	167
9164	225
9165	27
9166	9
9167	6
9168	81
9169	230
9170	261
9171	21
9172	230
9173	440
9174	177
9175	400
9176	372
9177	396
9178	130
9179	329
9180	415
9181	11
9182	13
9183	439
9184	159
9185	327
9186	3
9187	105
9188	298
9189	121
9190	144
9191	1
9192	4
9193	53
9194	67
9195	216
9196	124
9197	67
9198	176
9199	308
9200	224
9201	137
9202	199
9203	29
9204	286
9205	449
9206	418
9207	389
9208	95
9209	30
9210	218
9211	186
9212	1
9213	470
9214	374
9215	292
9216	14
9217	243
9218	155
9219	47
9220	38
9221	3
9222	337
9223	182
9224	54
9225	49
9226	128
9227	285
9228	1
9229	34
9230	28
9231	118
9232	375
9233	340
9234	371
9235	373
9236	295
9237	327
9238	66
9239	203
9240	240
9241	299
9242	105
9243	251
9244	52
9245	33
9246	198
9247	349
9248	5
9249	45
9250	185
9251	228
9252	204
9253	35
9254	4
9255	10
9256	83
9257	259
9258	325
9259	506
9260	59
9261	114
9262	63
9263	129
9264	275
9265	31
9266	90
9267	161
9268	78
9269	3
9270	97
9271	383
9272	198
9273	107
9274	194
9275	511
9276	338
9277	6
9278	472
9279	204
9280	249
9281	69
9282	318
9283	226
9284	5
9285	243
9286	5
9287	402
9288	257
9289	175
9290	108
9291	306
9292	409
9293	180
9294	297
9295	249
9296	87
9297	274
9298	476
9299	480
9300	202
9301	292
9302	350
9303	401
9304	196
9305	32
9306	107
9307	109
9308	14
9309	430
9310	1
9311	186
9312	509
9313	142
9314	108
9315	425
9316	137
9317	185
9318	46
9319	40
9320	60
9321	424
9322	79
9323	16
9324	2
9325	139
9326	1
9327	37
9328	100
9329	26
9330	5
9331	288
9332	32
9333	11
9334	224
9335	110
9336	92
9337	5
9338	27
9339	20
9340	239
9341	308
9342	32
9343	305
9344	134
9345	299
9346	358
9347	423
9348	1
9349	255
9350	172
9351	216
9352	1
9353	82
9354	489
9355	237
9356	1
9357	321
9358	499
9359	69
9360	3
9361	19
9362	63
9363	402
9364	2
9365	348
9366	12
9367	461
9368	436
9369	157
9370	135
9371	346
9372	444
9373	1
9374	92
9375	373
9376	186
9377	14
9378	328
9379	138
9380	225
9381	270
9382	181
9383	240
9384	263
9385	18
9386	20
9387	137
9388	475
9389	72
9390	73
9391	13
9392	199
9393	497
9394	520
9395	203
9396	211
9397	103
9398	208
9399	28
9400	84
9401	423
9402	44
9403	212
9404	19
9405	22
9406	382
9407	323
9408	17
9409	4
9410	5
9411	127
9412	404
9413	19
9414	255
9415	378
9416	444
9417	446
9418	159
9419	252
9420	210
9421	108
9422	486
9423	386
9424	415
9425	515
9426	120
9427	46
9428	444
9429	206
9430	97
9431	321
9432	2
9433	73
9434	501
9435	172
9436	1
9437	166
9438	112
9439	252
9440	11
9441	3
9442	58
9443	59
9444	36
9445	256
9446	397
9447	522
9448	7
9449	5
9450	233
9451	1
9452	295
9453	294
9454	250
9455	88
9456	74
9457	107
9458	307
9459	265
9460	2
9461	72
9462	18
9463	314
9464	174
9465	4
9466	3
9467	275
9468	34
9469	304
9470	22
9471	138
9472	121
9473	69
9474	485
9475	113
9476	409
9477	388
9478	2
9479	516
9480	32
9481	412
9482	84
9483	117
9484	351
9485	444
9486	166
9487	21
9488	79
9489	135
9490	435
9491	164
9492	7
9493	422
9494	1
9495	64
9496	66
9497	77
9498	435
9499	139
9500	121
9501	449
9502	383
9503	102
9504	482
9505	12
9506	42
9507	10
9508	303
9509	12
9510	42
9511	59
9512	446
9513	2
9514	5
9515	182
9516	467
9517	158
9518	12
9519	70
9520	2
9521	437
9522	164
9523	19
9524	181
9525	25
9526	6
9527	7
9528	526
9529	386
9530	189
9531	512
9532	164
9533	385
9534	14
9535	52
9536	117
9537	145
9538	529
9539	47
9540	113
9541	25
9542	102
9543	189
9544	519
9545	57
9546	167
9547	23
9548	21
9549	197
9550	95
9551	43
9552	310
9553	141
9554	27
9555	9
9556	38
9557	178
9558	162
9559	45
9560	67
9561	152
9562	96
9563	26
9564	99
9565	12
9566	82
9567	244
9568	309
9569	184
9570	419
9571	80
9572	37
9573	139
9574	115
9575	120
9576	1
9577	249
9578	9
9579	362
9580	22
9581	431
9582	270
9583	5
9584	78
9585	484
9586	525
9587	523
9588	146
9589	272
9590	1
9591	74
9592	210
9593	302
9594	525
9595	298
9596	54
9597	215
9598	510
9599	16
9600	17
9601	20
9602	121
9603	156
9604	458
9605	288
9606	22
9607	19
9608	156
9609	2
9610	345
9611	101
9612	7
9613	28
9614	253
9615	29
9616	172
9617	71
9618	66
9619	415
9620	120
9621	14
9622	6
9623	116
9624	366
9625	491
9626	223
9627	216
9628	201
9629	339
9630	1
9631	83
9632	509
9633	16
9634	60
9635	140
9636	20
9637	11
9638	166
9639	339
9640	206
9641	267
9642	61
9643	352
9644	275
9645	16
9646	391
9647	214
9648	86
9649	14
9650	349
9651	9
9652	10
9653	518
9654	40
9655	319
9656	116
9657	175
9658	403
9659	80
9660	513
9661	4
9662	12
9663	119
9664	276
9665	11
9666	307
9667	113
9668	6
9669	66
9670	15
9671	82
9672	143
9673	199
9674	338
9675	271
9676	309
9677	287
9678	102
9679	248
9680	22
9681	60
9682	23
9683	252
9684	9
9685	326
9686	70
9687	448
9688	337
9689	350
9690	424
9691	502
9692	334
9693	264
9694	300
9695	183
9696	8
9697	179
9698	291
9699	54
9700	64
9701	320
9702	165
9703	40
9704	504
9705	157
9706	505
9707	193
9708	266
9709	5
9710	261
9711	43
9712	2
9713	17
9714	187
9715	317
9716	104
9717	261
9718	179
9719	1
9720	16
9721	102
9722	448
9723	200
9724	330
9725	21
9726	17
9727	446
9728	368
9729	471
9730	262
9731	1
9732	140
9733	108
9734	189
9735	157
9736	158
9737	398
9738	5
9739	100
9740	425
9741	52
9742	217
9743	75
9744	26
9745	387
9746	271
9747	56
9748	299
9749	517
9750	442
9751	1
9752	335
9753	144
9754	522
9755	147
9756	374
9757	198
9758	73
9759	165
9760	20
9761	17
9762	450
9763	23
9764	183
9765	355
9766	206
9767	71
9768	439
9769	120
9770	167
9771	188
9772	115
9773	502
9774	15
9775	5
9776	65
9777	424
9778	477
9779	14
9780	49
9781	289
9782	382
9783	101
9784	1
9785	359
9786	38
9787	405
9788	1
9789	56
9790	21
9791	19
9792	86
9793	414
9794	222
9795	112
9796	421
9797	15
9798	7
9799	86
9800	65
9801	128
9802	44
9803	187
9804	160
9805	20
9806	110
9807	105
9808	271
9809	45
9810	27
9811	72
9812	152
9813	457
9814	55
9815	43
9816	269
9817	118
9818	50
9819	91
9820	132
9821	29
9822	19
9823	233
9824	293
9825	197
9826	208
9827	285
9828	414
9829	481
9830	24
9831	28
9832	320
9833	59
9834	17
9835	124
9836	17
9837	372
9838	172
9839	167
9840	88
9841	504
9842	23
9843	195
9844	425
9845	1
9846	523
9847	25
9848	1
9849	253
9850	32
9851	141
9852	52
9853	37
9854	202
9855	66
9856	4
9857	479
9858	410
9859	368
9860	127
9861	23
9862	229
9863	345
9864	399
9865	256
9866	11
9867	11
9868	347
9869	4
9870	38
9871	200
9872	127
9873	83
9874	482
9875	443
9876	3
9877	109
9878	34
9879	10
9880	22
9881	411
9882	79
9883	38
9884	410
9885	523
9886	301
9887	264
9888	279
9889	59
9890	104
9891	215
9892	14
9893	166
9894	67
9895	41
9896	173
9897	31
9898	12
9899	164
9900	306
9901	4
9902	6
9903	348
9904	39
9905	456
9906	17
9907	16
9908	25
9909	318
9910	29
9911	388
9912	26
9913	141
9914	211
9915	414
9916	186
9917	19
9918	265
9919	334
9920	103
9921	1
9922	475
9923	231
9924	404
9925	134
9926	129
9927	103
9928	48
9929	177
9930	197
9931	79
9932	210
9933	13
9934	417
9935	114
9936	492
9937	101
9938	244
9939	43
9940	43
9941	98
9942	29
9943	378
9944	31
9945	129
9946	5
9947	370
9948	110
9949	52
9950	378
9951	2
9952	122
9953	456
9954	429
9955	413
9956	82
9957	226
9958	211
9959	191
9960	382
9961	402
9962	386
9963	21
9964	55
9965	184
9966	400
9967	1
9968	21
9969	146
9970	122
9971	432
9972	501
9973	497
9974	451
9975	204
9976	304
9977	167
9978	157
9979	298
9980	273
9981	13
9982	87
9983	227
9984	17
9985	229
9986	2
9987	32
9988	125
9989	303
9990	12
9991	118
9992	170
9993	222
9994	101
9995	97
9996	267
9997	270
9998	139
9999	447
10000	6
