209.02941746199997
210.39580348100003
209.83301295700005
210.6043919739999
210.04288169100005
209.26856461299997
237.39758963400004
238.929760299
239.303086431
237.89941617099998
238.429629493
238.21204338199993
238.7996397889999
238.968133232
239.68902465199994
237.60346821099995
239.42065270900002
238.62229365299993
238.57168036300004
239.41558445299995
238.24707844499994
236.78445045700005
239.39148444699993
240.81390571600002
239.94236821699997
241.04787076499997
240.56386768999994
239.68943469300007
240.60873698299997
239.88027380899996
