21.946664217000006
22.282964636000003
22.833109282999985
22.056906428000005
22.930142414000017
22.817055741999994
22.62167197400001
22.76718046699999
22.785496213000002
22.25836365900001
22.41562078999999
22.255867573000003
22.219761480000017
22.45438039700001
22.164534087999982
22.474331840000005
22.654534266
22.392658463000004
22.841182078999992
22.547833382999983
22.18073011899999
22.304027921000014
22.616814429000016
22.290149397000008
22.24408391099999
22.004010142000013
22.441662195999996
22.959538778999985
22.915072351000006
22.834795960000008
