0.9038357390000016
1.0428807489999983
1.0363445930000026
1.0325333399999934
0.9198164080000026
0.9125734690000016
0.9238098220000026
0.8995799819999988
0.9856916029999994
0.9817351899999949
0.9765302680000048
0.9902520880000054
0.9641467749999961
0.924155448999997
0.9277871879999964
0.9463613739999985
0.9561278839999972
0.9424580709999972
0.9424544939999961
0.9211140529999966
0.9216439819999991
0.9037907729999972
0.9424424500000015
0.895730700999998
1.015696591000001
1.0466322099999985
1.121557795000001
1.1282650870000026
1.0631024979999992
1.4700693180000002
