22.414536111000018
23.270410466000016
22.759596440999985
22.442810842
23.066134333000008
23.310459304999995
23.029599108000014
22.585813532000003
23.254260896000005
22.791578514999998
23.11190813600001
23.134791688999996
23.149218100000013
22.833410214000025
22.927642590000005
22.806495356
22.820689489999978
23.280552194000023
23.297849311999983
23.137171087000013
22.417527210000003
22.952361663999994
23.015084365000007
23.198344754000004
23.177731688999984
22.798067807999985
23.078479396000006
23.666917141
23.688607316000002
23.32654592899999
