343.69363483300003
340.34881505299995
344.097164776
352.7872634839998
351.919056169
351.76455607
346.129762474
352.8596613479999
348.5219741379999
349.9429421389998
350.87271880799995
345.1001949649999
351.7846316529999
348.691043241
351.386392764
352.42174975700004
347.99095157099987
351.3632811519999
350.7117959760001
348.50848004499994
349.875811699
352.31083874399997
353.80302530400013
354.6280143849999
350.23998728200013
353.9885305109999
355.77249304399993
317.1295589360002
355.246506875
316.092636414
