310.46760035499983
330.90883740300023
343.82024328499983
340.0357935349998
316.5636540190003
332.15871441599984
344.774355388
341.3309030109999
339.57454605400017
339.3213511990002
346.2643660230001
345.673907377
348.6697094410001
342.4519831460002
350.9889980560001
348.6428245249999
349.1877762429999
348.70931920600015
351.5998068009999
353.2190220299999
347.3884331500003
353.22729008199985
346.5883386290002
353.079370208
347.5297686639997
347.63804351499994
354.95548952499985
354.73179334999986
354.74921313699997
354.0292592269998
