0.7516443889999991
0.7763508459999997
0.7745951449999993
0.7725097960000014
0.7377874660000003
0.7582927139999995
0.745041969999999
0.7325967519999992
0.7290490799999993
0.730853934999999
0.7964797500000032
0.7357129439999994
0.7279041630000016
0.7995694650000011
0.7756684689999993
0.7300346600000012
0.8072208140000008
0.8278738409999988
0.9928966899999985
0.9744574019999988
0.9771596430000002
0.9660150300000012
0.8158673209999989
0.7511797410000014
0.762982215000001
0.7390156319999974
0.7433006370000008
0.7733108229999992
0.7589672969999981
0.7424403220000002
