29.08911692600003
24.703215043
25.45221892699999
29.685906655999986
29.933355069000015
22.05154473200014
23.088728420000052
21.470663414
23.718372499999987
22.173311581000007
21.373939442000164
24.048679111999945
29.287117422999927
23.218342225000015
21.312178860999893
22.51245016000007
21.00738695699988
21.390628133000064
20.69656300500037
21.35413388300003
20.994728731999658
24.41050656599998
21.292765926000015
21.62682916700004
21.615749585000003
22.54735455699995
21.647746228000074
22.25020713799995
20.640044979999857
20.630944226999873
