27.19087696600002
27.08558340000002
33.217781626000004
27.208332331999998
35.24354126200001
34.11425503000001
34.602871273000005
33.91071955299998
34.429531318000016
35.100767270000006
27.20928698999998
29.04717918999995
28.435576524999988
22.991076219000092
34.80794521199999
23.018934611000077
21.62951183400014
21.68226447799998
25.850271497999984
21.610420200999897
21.620543490000273
22.459752813000023
28.269205443000004
27.338429994000023
28.474862237000025
35.18127042199998
35.120244254
35.04917520500001
35.161952996999986
21.89732802499998
