26.097692291000044
26.216644357999996
26.002839342000016
26.120567370999993
22.196202305000043
23.004516203000037
21.270485188000066
24.440959581000016
23.231361449999895
21.257678496999915
23.36741878099997
23.230771690999973
23.637468044999878
22.55915485399987
20.978116192000016
20.763889827000185
20.50832152699968
21.422983829999794
21.28474478199996
20.82202196399976
20.5350242049999
24.061889963
21.422847470000022
21.200116390999938
21.556504372999825
21.545267429999967
20.67917040799989
21.7321588719999
20.503431847999764
20.590752874999453
