1.146200349
1.1522305810000004
1.0805813640000004
0.8010899889999994
1.1494925980000001
0.7637304020000002
1.155180208
1.1147847100000003
0.8000873980000005
0.799061365
0.7515578270000001
0.8170290360000001
0.825391024
0.7451456649999999
0.8260550020000004
0.8096157990000004
1.383276971
1.3907843609999997
1.385682343
1.3819866160000007
1.3736593179999996
1.402800267
1.145377066
1.3816008850000001
1.180616433
1.1886223730000003
1.1821370179999997
1.1822640629999999
1.1735555029999993
1.1831545380000001
