0.9260528419999972
0.9281714130000012
0.951718213999996
0.9669314049999969
0.9601097759999959
0.9603955369999966
0.9481785549999984
0.913762921
0.939951783000005
0.923176183999999
0.9432396829999945
0.9657381400000062
0.9581883170000012
0.9765967419999981
0.9580046920000029
0.9439918499999962
0.945189341999999
0.9577654870000032
0.9505390659999975
0.9683481080000007
0.9611679670000015
0.9101833600000049
0.9746911209999993
0.9448543260000051
1.063006956999999
0.9951241489999987
0.9773052319999991
0.9642134870000021
0.9291203999999951
0.9390385909999992
