63.793079707000004
64.04841124799998
64.12990256499995
66.13370011
66.29435868299998
66.33350593399996
66.30578611099997
66.14412600199995
66.414141438
69.10943310599998
69.14161863700002
69.22681398700001
69.75104776699999
69.28245559200002
69.516445858
68.98272460599998
69.441461753
70.00143005899997
69.97855886099995
70.10088012299997
69.29590596600002
70.01172393600001
69.90660090799997
69.850513831
69.140789106
64.08482504799997
64.31279428599998
64.09009495100003
64.410874573
64.45728192300004
