26.29231878200001
26.31223527600001
35.05563917500001
37.62616448
36.78708744599999
37.22025914699998
36.73514748100001
38.828991900999995
37.06834547399998
37.81976589000001
38.59823312900002
41.636212631999996
23.052553303999957
36.382427546
38.82899598100002
41.803577843
22.65346112400016
24.85207705100015
41.84968961000001
21.475699523999992
24.513589405999937
21.437642733000075
27.445722501000006
28.33956516900001
28.651406218999995
35.086429924000015
35.099150783
35.25862429
33.78359863700001
21.691486385000076