27.30170634800001
27.289355185000005
27.244716221000033
27.26855911300001
27.645762574000003
21.841127012000015
28.538828412999976
29.46266920300002
29.613287318000005
30.068993815
30.055814886000007
30.03921511300001
29.46796890600001
33.11228733500002
37.800829013
39.38599204299999
39.68076229000002
39.66620345399997
39.74824274100001
39.760707378000006
39.847715290999986
8.819481827000018
34.05555526699999
37.79853160299996
39.640666564000014
39.79314737499999
40.078842983000015
40.03276700499998
40.15077119
40.066461860000004
