39.645186413000005
39.53348240599999
36.84697643400001
39.777844989
38.91302829999999
39.66327375799999
38.35541909899999
38.22048998699999
39.94772323100001
39.90283996699999
38.017658366999996
40.816640838
40.94311186899999
41.64665264199999
46.05575744400001
48.151738728
48.28503634900001
48.461660050000006
48.10654209100001
48.143408064
49.24659259699999
49.767821870999995
34.44941132299999
44.68059965500001
44.06095482399999
44.469264537
46.42397419800001
44.78553636400001
47.313568636
44.922185375
