63.24637636299997
63.120492547000026
63.38882477999999
65.48966660699995
65.56689301399996
66.07608298000002
65.81678944700008
65.80887174399999
65.78810918599993
69.29171206499996
63.528937136000025
69.03335810199997
68.97085700699995
64.05348971200004
69.39702129499994
69.90167196800002
69.66414353300001
69.41394327800003
69.88684384100003
63.865163577999965
63.98652129699997
69.48388298299994
69.02697824400002
70.22027295400005
64.23841160899997
69.01237501400004
69.74457249899996
69.77536842
70.24097396000002
69.87084736699995
