29.08516177
30.444124920999997
38.138645788999995
40.38606070200001
41.68027991700001
41.50067701500001
41.288536699999995
38.20346884600001
36.257506191999994
39.449633950999996
42.71785416200001
38.95586803799999
38.59589342699999
38.229062451000004
40.852442994
36.572606487
22.69561728100001
30.153052695
39.08463127899999
30.062683089000018
28.420678574999982
21.14114093599983
31.98262079199999
32.87504518
32.964886359999994
38.568903221000014
37.46289370699999
37.375425375999995
38.314018167
32.079696748
