63.47983933500001
63.55928432000002
63.63504770399999
65.80532904200004
65.94623264899997
65.70499879300002
65.60832841399997
65.84945446800003
66.26691567100005
69.17213030700003
68.96743848299997
68.66720032300003
69.281926462
69.91412788000002
69.06622292999998
69.93762300899999
69.52935714099999
69.90656657100004
70.32938284900001
69.96422102899999
64.12509338500001
68.975135604
70.056460609
68.845637007
70.18581264999995
70.19398606600004
64.31949627400002
63.96800602899998
64.234836427
64.52339144799998
