516.3143284419998
516.492377946
520.7017992239998
523.1687216620003
527.2842278930002
534.2823925440002
536.6521587269999
536.7185507960003
537.0100214620002
541.3582248500002
538.0267653990004
544.4749502990003
542.6553481440001
536.3726801610001
542.525517819
541.1836698299999
539.5856711189999
547.959229005
547.5744973790001
545.9921414949999
544.5272479269997
541.444946346
538.8607122170001
545.3660695889998
555.1288959189997
552.3130934810001
555.8730362019996
554.6143918649996
550.6666650480001
492.18840384800023
