19.068482571999994
26.74903458
26.780174670000008
26.997786491
27.04125499899999
26.926745376000042
25.656700018000038
27.082881337999993
27.179612433999978
27.858210853999992
28.073451454000008
28.180389753999975
27.787330322999992
25.767394284999966
35.488622502
37.59308938100003
37.70037500299998
37.90747482200004
37.645220236
37.988181786999974
37.77295826599999
8.624955238999974
28.114300276999984
34.93276723600002
37.839938243999995
37.89162606900004
37.70581547500001
38.14143879699998
38.14594124500002
37.99251971900003
