22.394271211999992
23.043145925999994
22.570421229000004
23.046333066000003
22.379654507999987
23.137789323000007
22.97009617900001
23.19689421400001
22.65676751299999
23.385711338999997
22.866697408000007
22.614365150999987
22.78220108699999
22.547296125000003
22.541865461
22.912209188999995
23.385878966999996
22.705672018
23.0249046
22.902337203000002
22.608946285000002
22.748257460000005
22.369999383000007
23.47416408400001
22.695260647000012
22.790776159999993
22.912709522
22.91853994600001
23.56863351700001
23.141205299999996
