26.771326262000002
26.83831163299999
27.158398957000003
27.21041022700001
27.162152093000003
30.763193673000018
31.69405774399999
31.889975141999997
31.752943937999987
29.50548788499998
29.583547998
29.699340761000002
28.010711508000014
37.871055669000015
38.98239714499999
39.537304167
39.66818410600001
39.83934766600001
39.950554216
39.86175279
39.623494978
8.612596304999997
37.991768380999986
38.714325629
39.903720816
39.807076808000005
40.05680629599999
39.98279322600001
39.95996949399998
39.990520145999994
