0.9248274210000034
0.9383309210000021
0.9831678430000039
0.9629838900000038
0.9481480299999987
0.9841344740000011
0.990562029000003
0.9622179320000015
0.9851789890000049
0.9572935850000022
0.99964933199999
0.9950133079999972
0.9987060509999992
0.9838734559999978
1.0225399290000041
0.9828257820000061
0.9965492259999991
1.0340137630000044
0.9786611860000107
0.9847214889999947
1.0340188299999937
0.9946446989999913
0.9581171810000058
0.9916685619999868
0.9850235339999927
0.9471793409999947
0.9427360570000047
0.9373186589999989
0.9597903220000035
0.909626290999995
