95.32771977
95.55587962899999
95.80566147100001
95.672811716
95.60531443600001
95.23692967699999
103.10471624499999
103.88149826499999
102.16571042000001
102.664615612
103.42156398200001
102.873854859
103.57728279
103.15697185900001
102.92790783699999
103.74770968499999
103.041797215
102.84157986499999
102.773557986
103.02230422000001
102.35633969
102.25157969399999
104.279520521
104.38075764599999
104.48099218899999
104.276733913
104.65425741900002
104.35553742299999
104.78945425699999
104.00453769700002
