515.796569591
518.2634245190002
521.851831573
524.074741121
528.891723233
535.7845706190001
537.239133112
539.8782854809999
543.0318854970001
547.0040829779998
536.98538818
537.1238713680002
542.1346112669999
542.1607922829999
548.3495538369998
542.3754079489997
549.6895095320001
540.5837890999999
547.7016964969998
547.806930278
545.4923586279999
555.8545374789999
551.2126671649999
552.4654862510001
554.9022763159999
557.071310736
552.4747092570001
552.5550547759999
563.4303018200001
493.5662327970001
