0.9002106029999908
0.9274235070000003
0.9296399819999976
0.932237158999996
0.9416030529999944
0.9165485239999924
0.9000151989999949
0.957402829000003
0.8988360350000022
0.9323963870000114
0.972605657999992
0.9824930540000025
0.8934784309999912
0.9557785610000025
0.9817159279999998
0.9490575179999894
1.0500091420000075
1.0578909169999946
0.9683154380000047
0.9720082169999955
0.9818305080000016
0.9425127980000099
0.9404652099999993
1.0372053019999896
0.9446233719999952
0.9456046950000001
0.9961472960000037
0.9517375780000066
0.8995761579999879
0.9202100290000033
