343.69652778599993
341.8447180659998
336.88144106799996
343.87646843599987
344.3911527979999
345.07577819100015
343.8249529090001
346.1016789329999
314.600120886
344.9152197400001
347.19114463000005
349.56204256399997
343.49150955799996
317.4958371020002
343.83480427199993
349.96387568199975
351.5369592000002
352.1091292639999
352.2848149929998
349.27769686299985
347.27915778900024
350.47903341500023
351.52262634399995
347.1353592109997
354.36949490899997
353.40401365799994
351.03055241200013
355.16918970899974
356.0312264620002
357.03835048400015
