127.85038278499997
128.94610315399996
130.03054399500002
129.72732617199995
126.2510668949999
129.71811555400006
121.16671716200005
128.9598038219999
128.86526915399998
123.40978596599996
130.071773324
129.17608384799996
124.30911087200002
122.885448913
125.845410259
127.276269071
110.89714569500006
128.65962044899993
128.080436029
130.23100686100008
127.47478161900005
123.46498692799992
113.36518338399992
121.13984943700007
123.81585695000001
123.38434542900006
125.89628658000004
119.02624951500002
112.31745428099998
113.603179135
