0.9332184369999936
0.9242824359999986
0.9524266560000001
0.9075945630000035
0.9755147220000069
0.998069306000005
0.9397871669999986
0.9371337010000005
0.931943578000002
0.9183139199999957
0.9397549930000011
0.925667894
0.941870686999998
0.9191515939999988
0.938173698
0.9419792150000035
1.0012036079999973
0.984346948999999
1.0082214779999958
1.0063939580000039
1.026299637000001
1.0233726320000045
0.9478015420000006
1.0192048239999991
0.9647941199999934
0.9739023389999986
0.9664748669999952
0.9643361120000051
0.9647830139999982
0.9013226239999952
