0.7555168839999986
0.7489239399999974
0.7543472079999987
0.7581471089999994
0.7500915940000006
0.7304948099999997
0.729110103
0.7135072390000019
0.8101235250000016
0.8270038620000015
0.8019529809999995
0.8690699710000018
0.8123387039999983
0.7891837509999995
0.8197919539999994
0.7249734960000005
0.761143324999999
0.8214558580000002
0.8037785369999995
0.8115494330000033
0.7770795039999996
0.8960499649999996
0.724260803
0.7912393030000011
0.7629081110000016
0.711290795
0.767145064000001
0.7270983310000005
0.7303921540000005
0.6873873229999994
