22.088490836999995
22.941784505000015
22.128018548
22.442389684000005
22.859076359
22.91303707
22.839269395000002
22.496764391
22.593031953000008
22.367105062999997
22.384677234999998
22.596249846000006
22.878983541999986
22.802086669999994
22.597751981000016
22.274329558999995
22.897680632000004
22.685922465999994
22.994788228000004
22.794387965
22.50146613200002
22.53284800200001
22.344986698000014
22.829167840999986
22.60043646599999
22.60017386199999
22.79446052100002
23.27679788100002
23.248193042999986
22.963650650000005
