64.32861372399998
58.37985006300005
78.10365572999996
65.62685735400004
69.820931959
60.19589519699997
74.29809958499999
70.96326174400002
71.473738637
77.75984243599999
65.04649685499999
62.428128192999964
88.586335534
91.158259912
67.19661125199997
65.42672332799998
75.11253984500001
67.33729923000004
73.28147181600002
68.27026677000003
80.67694961200004
87.69355511500004
69.478262546
67.49680855399998
77.11706130300001
68.75751214900004
78.30090023899999
83.34463516699998
92.46501051900003
96.43980782200003
