109.30890451200003
125.55147369400004
126.62065316199994
124.14970842299999
121.01486640500002
128.272210771
123.53162208599997
127.12644607499999
110.71743532799997
127.39536195999995
120.98639279600002
121.87425756899995
127.54646726099998
126.90049074600006
127.10422034600003
124.71340729400004
124.28128964299992
127.11483218500007
121.78269494699998
126.20861993400001
126.31188398000006
127.51999074899993
130.31118561900007
119.55973026099991
122.34130696399995
122.45006812200006
123.88140598400003
112.78076149499998
111.84799515500004
115.37969153999995
