517.6481559000003
517.2858635160001
521.2403235219999
521.8495903160001
528.2952359669998
535.771458101
537.217043006
538.7706951949999
542.8842055260002
537.2645674559999
546.0194518249996
536.8584328410002
542.2579554829999
541.9955379939997
536.9944598980001
542.5162809929998
547.0314589900004
539.3933067749999
550.0245288749998
546.485179671
545.0514670590001
542.3391836359997
546.3095366380003
555.713407057
553.3202302650002
552.1866492069998
556.3455340370001
553.2051645060001
562.0146173069998
490.13974383799996
