28.261041731999995
28.263838663
28.608025158000004
28.76889676900001
28.673743548000004
26.999631531000006
29.907906217999994
30.401407971999987
30.438210489
30.377467083000028
30.345451889999993
30.518549038000003
29.299356283999998
36.86472573200001
39.43212481799998
39.77021589499998
40.335907512999995
40.604712062999994
40.50266307999999
40.60711482199997
40.51395743100002
8.875752576999986
37.85090884300001
39.64225041899999
40.962959918999985
41.120020306000015
41.19124772600003
41.249794501
41.176587673
41.189436186999984
