0.8954481100000038
0.9512701109999995
0.9137788350000022
0.9671847299999996
0.976393023
0.9395999050000086
0.9317615559999979
0.8912428189999986
0.9205050099999994
0.9173262309999899
0.9300325079999965
0.936720887000007
0.890364983000012
0.9443770609999973
0.8947383229999986
0.9622312660000034
0.8885343949999935
0.9393409960000128
0.9168543020000044
0.9177859429999984
0.9960372440000071
0.9660725130000003
0.9346559509999963
0.9536911050000043
0.9668041030000012
0.9594578000000098
0.9275147580000009
0.9530920550000133
0.9311046020000049
0.9582552359999994
