0.7728074599999957
0.7931791290000092
0.7986139909999963
0.7853664440000045
0.7912282169999969
0.7844943810000018
0.7819679520000022
0.7970024010000003
0.7625015300000086
0.7692915860000085
0.8071620589999924
0.782934357000002
0.7904929000000038
0.7856385789999933
0.7849695520000068
0.8231485029999988
0.7905574360000003
0.7667318539999997
0.7817164549999944
0.760495774000006
0.8043031810000087
0.7876560950000027
0.7668972649999972
0.7698940329999999
0.7718725239999884
0.7623017939999954
0.7923018630000058
0.734260723999995
0.7456905199999966
0.7230035289999961
