49.59849598599999
51.296871505999974
50.433422619
48.888730210999995
46.403419278
47.347919082999965
56.65801504299998
54.36846679900003
53.028354207999996
52.699620256
63.85165856399999
52.929441419
57.805820509
54.69965397499999
54.98178155300002
60.01769514800003
57.75105961700001
60.78709698099999
62.964159514000016
63.10848918700003
73.382237083
76.27722340399998
52.72115194100002
53.51912328899999
58.765462576999994
59.317032858999994
59.492464951000045
61.16470818099998
69.46083658500004
66.58379591900001
