161.77885789099997
163.20118738599996
163.20897761600003
163.29911620000001
162.800127884
162.24421093799998
181.91540167899996
182.355139378
184.15251721599998
182.07414016
184.05279333800001
183.49765086999997
184.05057460499995
183.615729258
183.76692814700004
183.37895003699998
184.12075568999995
183.08481463299995
182.85873123599993
182.907446541
182.283803714
183.28581574599997
184.26955384200005
185.21734004800004
185.168407313
185.63611963000005
185.47446605599998
185.46550543
185.07888728899997
186.156210316
