23.383927345000018
32.81400325600001
35.16981709500004
32.88847039699999
32.814897686999984
33.72222856900004
33.788311421
34.736421565
23.258040977000064
29.831182702999968
33.685486844000025
24.098336190000055
21.399567900000193
23.846073916000023
21.754821636000088
25.229620005000015
20.92551972299998
20.92295818299999
21.519852254999932
21.012933603999954
21.61840069100026
20.869319136000286
28.702858820000017
34.73894514599996
28.62379413299999
34.785105794
28.351633523999993
29.704736929999967
34.681686359999986
21.55680105400006
20.697266263000074
21.01122081299991
