40.76829370200002
37.958496642
38.36463822000002
41.651734089
41.718161941999995
37.172412167999994
40.066925714999996
39.877240736999994
43.11174209699999
39.962244935
40.864701193
42.025309607
41.52379361300001
43.709702332000006
48.52375368599999
51.00629556300001
48.59411871900002
51.764489070999986
49.14026112100001
52.63905736199999
51.632515291000004
52.02454039899999
35.80084590999999
47.22735372700001
47.085217661
44.23678153099999
46.818434025000016
48.694381453000005
47.384584996
49.62846929599999
