213.60109373400007
214.071697374
214.4547800900001
214.35569718199997
214.15657590399996
213.30337176399996
244.80886492700006
244.673957836
245.42291694900007
245.46789857499994
246.63518819599994
246.021114548
246.23536281200006
246.87991009400002
246.27843383699997
246.30782676899992
245.61278702999994
245.98238080800002
246.9343364780001
245.99519039899997
245.95503759100006
245.30589499199993
247.25906993799993
246.80716242799997
246.6279849
247.36690965000003
247.01575916399997
247.54721487000006
248.19208964999996
246.39207437599998
