515.2853924840001
516.0535428170001
519.785378735
518.8185114080002
524.3743349010001
520.0741739609998
532.2175003709999
537.372092996
533.6047027750001
540.4300916820002
536.0910523490002
535.4082068429998
544.6374969790004
540.7447142599999
543.0195082370001
541.2593548329996
539.2971410139999
545.0600172130003
542.698805472
540.542519051
539.8006693530001
544.9026332059998
537.7345964410001
539.282267345
549.3755569209998
545.1939755930002
546.8256997650001
548.5283559530003
541.662714609
489.1556200600003
