0.7604529399999933
0.8839854260000095
0.8965276569999929
0.8484935649999983
0.7955948230000018
0.7735248339999998
0.8008315609999954
0.7711251660000045
0.7653061539999868
0.7586209789999998
0.8057383090000059
0.782323759999997
0.7828659239999922
0.7944659409999986
0.792402139999993
0.7785520629999922
0.7682051800000096
0.8011342899999931
0.7794468860000023
0.7832515040000061
0.7904081070000046
0.7814383359999937
0.7747599359999953
0.793099992000009
0.8940539630000046
0.9553718269999933
0.9282273809999992
0.9037503720000046
1.0049968029999974
1.2783588209999976
