127.60407573700002
127.01650228
125.488676983
126.39031909600004
127.38192318600005
126.58998859600007
124.99474785700005
126.476414659
127.49641600199999
126.86645105400004
128.80679056800005
128.46769745700004
127.09425733500007
125.05060927
128.347035152
129.355606551
127.95328019200002
127.15796288299993
127.51936090799995
128.35139115199996
127.39963030499996
126.42831801399996
127.09982706200003
121.517607268
121.44814519600004
122.96991855599998
123.734911566
121.49322243200004
120.45596495000001
122.65353593700002
113.24735400400004
112.48960450900006
