109.55129456700001
111.14217449300008
125.49783127700005
126.64190753000003
124.08457557100007
123.51403338600005
121.21132760900002
122.86426172899996
129.20382860999996
127.44416814100009
128.04673828299997
127.07628850200001
128.0034243839999
121.76761326500002
128.11087218
128.59582709899996
125.94675082200001
129.2347985030001
129.3742145880001
128.23093937499993
129.84096769400003
129.13993649199995
129.70691292499998
122.33100917600007
121.39896133699995
122.641778424
123.80561568799999
113.79564650299994
112.27775104399996
113.29249778899998
