221.20239655800003
221.21514902499996
221.61719503900008
222.125734738
221.5795697939999
220.84656469799995
254.05843104199994
253.63045127099986
253.58929112499982
254.2534430579999
254.84183921500016
255.80955632199993
254.032637906
254.81286337699999
255.309929969
255.11166686
254.1649338090001
253.94189906499992
253.69827584099994
255.17788396600008
255.1622737319999
253.25088873100003
254.05464746400003
254.5438113749999
254.6212653770001
255.11625549099995
254.8307290629998
255.054268289
254.22743107999986
255.345667758
