22.261626223000036
21.890243439000017
22.794274356000017
21.949329834000025
22.51165045900001
22.860199155000004
22.553094114000032
22.362033758999985
22.44367507999999
22.636645953000027
22.299318809
22.698972475000005
22.422818053000015
22.735868708999988
22.654283316000033
22.275278100999998
22.539462153000017
22.819024947999992
23.35484619500002
22.65310916499999
22.10727210899998
22.396997898000023
22.526152763000027
22.346842281999983
22.624442292999987
23.12009105300001
22.35793111800001
22.500276031999988
22.872226634999976
22.97451504700001
