0.7563447510000003
0.7650317100000166
0.7665066819999993
0.7588287250000008
0.7604489579999836
0.7951854590000096
0.7598747959999912
0.7672370680000142
0.7814478139999892
0.7728542240000138
0.7999905249999983
0.8065101250000168
0.7632700270000043
0.7594861360000209
0.7695631210000045
0.8216067369999962
0.7918225110000208
0.8181222100000127
0.8230372479999915
0.8012066410000216
0.7579527239999777
0.8139268329999823
0.7950538309999899
0.7725845110000193
0.7862866680000025
0.8211915279999857
0.8211001599999861
0.7307172509999873
0.732289690000016
0.7312312690000056
