0.9079928809999984
0.9340712230000037
0.9126423440000053
0.9303321339999968
0.9232021979999985
0.920884344000001
0.9436128279999991
0.9536325410000046
0.9372549619999972
0.9156419539999945
0.982271855999997
0.9143040799999937
0.9741773979999948
0.9179622529999989
0.9179559130000001
1.022371672999995
1.0098529520000028
1.0220628309999995
0.9234485839999991
0.9684617129999964
0.9732218999999986
0.9907077430000015
0.9545584030000072
1.0071399699999972
0.9416115910000116
0.9093116610000038
0.9669918599999932
0.9328518359999975
0.9147561439999947
0.9365012660000076
