342.57402587600006
354.382719847
353.5914681820001
354.612520884
353.029824685
353.3130077599999
343.500649341
350.127902393
347.68993635900006
351.421680378
351.1473331379999
351.58223870999996
351.04809143
351.09970066899996
352.37823996300006
348.36929276500007
347.9205962970001
350.8518548310001
353.446523566
350.21562335399994
352.5171361199999
354.19217941600016
353.549272309
350.85805074300004
354.08760949099997
358.041660817
357.68572846099994
355.97889367999994
383.1364700019999
384.86482547599996
