1	2
2	37
3	16
4	23
5	5
6	45
7	30
8	55
9	11
10	1
11	15
12	1
13	3
14	12
15	88
16	30
17	4
18	15
19	87
20	9
21	4
22	13
23	16
24	2
25	1
26	76
27	32
28	10
29	15
30	1
31	62
32	123
33	49
34	28
35	3
36	8
37	43
38	16
39	83
40	68
41	6
42	3
43	42
44	20
45	113
46	12
47	14
48	4
49	2
50	7
51	16
52	87
53	1
54	3
55	58
56	74
57	23
58	31
59	31
60	6
61	33
62	1
63	167
64	40
65	156
66	3
67	90
68	30
69	158
70	7
71	7
72	91
73	8
74	14
75	5
76	193
77	67
78	144
79	51
80	127
81	1
82	96
83	53
84	9
85	24
86	128
87	77
88	13
89	8
90	20
91	53
92	48
93	136
94	1
95	245
96	223
97	165
98	274
99	2
100	79
101	2
102	10
103	5
104	142
105	6
106	177
107	4
108	227
109	144
110	29
111	9
112	246
113	96
114	7
115	25
116	153
117	201
118	10
119	105
120	3
121	108
122	74
123	170
124	92
125	205
126	9
127	44
128	288
129	7
130	289
131	25
132	66
133	77
134	91
135	41
136	69
137	329
138	88
139	34
140	8
141	251
142	32
143	48
144	81
145	15
146	258
147	205
148	15
149	104
150	257
151	25
152	9
153	26
154	9
155	30
156	206
157	178
158	53
159	69
160	314
161	9
162	9
163	225
164	14
165	111
166	362
167	19
168	3
169	142
170	183
171	82
172	74
173	373
174	5
175	23
176	318
177	80
178	13
179	1
180	57
181	282
182	279
183	202
184	113
185	32
186	4
187	187
188	6
189	37
190	28
191	14
192	291
193	2
194	347
195	161
196	108
197	98
198	37
199	28
200	1
201	3
202	313
203	293
204	51
205	38
206	9
207	64
208	134
209	249
210	15
211	375
212	13
213	5
214	5
215	7
216	9
217	24
218	196
219	2
220	4
221	159
222	224
223	333
224	2
225	18
226	327
227	154
228	2
229	94
230	2
231	315
232	147
233	97
234	394
235	359
236	346
237	29
238	16
239	162
240	8
241	98
242	17
243	6
244	143
245	4
246	7
247	22
248	9
249	68
250	21
251	376
252	81
253	3
254	25
255	226
256	105
257	26
258	12
259	153
260	8
261	133
262	358
263	364
264	76
265	203
266	13
267	272
268	186
269	55
270	141
271	373
272	102
273	392
274	22
275	258
276	144
277	210
278	104
279	165
280	49
281	32
282	169
283	185
284	10
285	272
286	319
287	2
288	69
289	75
290	90
291	22
292	91
293	31
294	181
295	308
296	18
297	2
298	23
299	11
300	170
301	270
302	21
303	10
304	3
305	215
306	43
307	23
308	155
309	10
310	126
311	236
312	335
313	61
314	229
315	65
316	329
317	78
318	379
319	316
320	308
321	18
322	150
323	166
324	2
325	5
326	168
327	12
328	74
329	23
330	210
331	365
332	1
333	49
334	81
335	175
336	298
337	37
338	40
339	91
340	207
341	212
342	9
343	292
344	9
345	148
346	72
347	1
348	28
349	270
350	9
351	353
352	2
353	194
354	3
355	288
356	254
357	11
358	3
359	185
360	143
361	237
362	167
363	34
364	7
365	6
366	132
367	290
368	7
369	121
370	14
371	61
372	264
373	13
374	107
375	47
376	174
377	90
378	92
379	333
380	71
381	15
382	357
383	285
384	76
385	130
386	109
387	337
388	370
389	128
390	1
391	145
392	383
393	5
394	1
395	15
396	118
397	8
398	1
399	2
400	3
401	20
402	10
403	18
404	380
405	84
406	9
407	377
408	30
409	392
410	111
411	3
412	32
413	364
414	79
415	56
416	127
417	1
418	228
419	7
420	13
421	226
422	10
423	131
424	384
425	11
426	2
427	333
428	280
429	196
430	361
431	7
432	3
433	202
434	95
435	17
436	11
437	282
438	2
439	100
440	17
441	3
442	129
443	281
444	10
445	94
446	34
447	12
448	26
449	48
450	366
451	57
452	75
453	355
454	381
455	107
456	23
457	101
458	250
459	11
460	3
461	169
462	241
463	193
464	27
465	18
466	335
467	208
468	88
469	112
470	3
471	67
472	20
473	2
474	3
475	20
476	38
477	22
478	225
479	72
480	253
481	268
482	42
483	46
484	135
485	302
486	327
487	122
488	205
489	155
490	37
491	103
492	2
493	14
494	18
495	136
496	262
497	97
498	232
499	120
500	262
501	323
502	26
503	386
504	2
505	29
506	32
507	10
508	5
509	160
510	135
511	205
512	39
513	3
514	1
515	270
516	129
517	42
518	24
519	125
520	83
521	81
522	10
523	174
524	18
525	139
526	40
527	3
528	6
529	297
530	49
531	8
532	3
533	390
534	109
535	57
536	258
537	3
538	2
539	1
540	27
541	86
542	1
543	78
544	1
545	6
546	58
547	57
548	11
549	2
550	3
551	1
552	169
553	72
554	4
555	20
556	25
557	37
558	2
559	78
560	30
561	5
562	138
563	2
564	9
565	3
566	178
567	6
568	31
569	48
570	1
571	61
572	296
573	23
574	4
575	104
576	13
577	145
578	9
579	325
580	271
581	13
582	49
583	9
584	11
585	164
586	114
587	1
588	12
589	16
590	16
591	120
592	136
593	7
594	392
595	335
596	75
597	291
598	19
599	1
600	98
601	65
602	16
603	394
604	228
605	128
606	41
607	334
608	271
609	205
610	82
611	198
612	344
613	16
614	238
615	1
616	8
617	5
618	187
619	123
620	78
621	337
622	6
623	9
624	49
625	20
626	4
627	11
628	129
629	372
630	214
631	388
632	17
633	5
634	27
635	363
636	154
637	2
638	50
639	53
640	51
641	63
642	178
643	88
644	35
645	195
646	249
647	356
648	8
649	6
650	13
651	109
652	6
653	10
654	26
655	336
656	64
657	71
658	359
659	13
660	216
661	381
662	341
663	232
664	203
665	75
666	10
667	21
668	254
669	1
670	19
671	57
672	101
673	237
674	376
675	35
676	2
677	50
678	102
679	281
680	69
681	108
682	194
683	20
684	7
685	1
686	31
687	41
688	28
689	239
690	68
691	7
692	42
693	315
694	323
695	32
696	22
697	60
698	222
699	233
700	12
701	1
702	65
703	19
704	64
705	162
706	35
707	9
708	7
709	47
710	111
711	21
712	132
713	158
714	99
715	9
716	24
717	7
718	1
719	7
720	7
721	1
722	85
723	4
724	42
725	11
726	7
727	12
728	169
729	3
730	1
731	30
732	51
733	234
734	77
735	8
736	368
737	202
738	58
739	3
740	61
741	10
742	352
743	76
744	366
745	62
746	151
747	1
748	7
749	90
750	84
751	107
752	6
753	203
754	72
755	39
756	322
757	23
758	134
759	310
760	23
761	160
762	70
763	20
764	242
765	11
766	102
767	66
768	240
769	8
770	30
771	137
772	304
773	378
774	1
775	5
776	375
777	53
778	48
779	71
780	158
781	173
782	67
783	27
784	34
785	42
786	41
787	116
788	47
789	84
790	168
791	29
792	81
793	29
794	391
795	2
796	6
797	263
798	69
799	324
800	97
801	7
802	110
803	42
804	85
805	38
806	26
807	311
808	177
809	59
810	7
811	189
812	13
813	2
814	70
815	34
816	367
817	324
818	1
819	45
820	156
821	54
822	148
823	10
824	56
825	279
826	136
827	229
828	234
829	28
830	80
831	9
832	78
833	13
834	1
835	324
836	56
837	3
838	6
839	9
840	1
841	22
842	8
843	117
844	47
845	373
846	69
847	104
848	263
849	31
850	369
851	105
852	4
853	7
854	2
855	19
856	27
857	21
858	139
859	1
860	5
861	34
862	13
863	363
864	299
865	1
866	10
867	50
868	95
869	60
870	184
871	8
872	45
873	276
874	279
875	9
876	5
877	5
878	62
879	143
880	95
881	340
882	86
883	209
884	12
885	9
886	8
887	105
888	6
889	157
890	50
891	65
892	30
893	82
894	38
895	231
896	2
897	118
898	239
899	61
900	1
901	82
902	250
903	27
904	7
905	117
906	371
907	11
908	35
909	380
910	214
911	43
912	24
913	244
914	3
915	8
916	65
917	357
918	295
919	266
920	25
921	132
922	286
923	221
924	117
925	358
926	275
927	319
928	50
929	16
930	177
931	213
932	229
933	116
934	248
935	51
936	7
937	321
938	43
939	206
940	24
941	317
942	133
943	51
944	350
945	39
946	278
947	10
948	213
949	133
950	277
951	38
952	256
953	149
954	154
955	3
956	143
957	5
958	202
959	35
960	20
961	157
962	45
963	266
964	1
965	1
966	270
967	46
968	356
969	191
970	243
971	13
972	154
973	11
974	49
975	15
976	2
977	261
978	3
979	237
980	3
981	42
982	31
983	344
984	374
985	299
986	3
987	41
988	253
989	241
990	111
991	33
992	49
993	8
994	1
995	91
996	2
997	66
998	80
999	392
1000	34
1001	7
1002	81
1003	4
1004	237
1005	230
1006	110
1007	36
1008	3
1009	25
1010	2
1011	269
1012	4
1013	324
1014	2
1015	145
1016	157
1017	72
1018	2
1019	9
1020	317
1021	69
1022	43
1023	150
1024	12
1025	153
1026	1
1027	7
1028	52
1029	2
1030	7
1031	269
1032	14
1033	246
1034	124
1035	1
1036	88
1037	33
1038	319
1039	21
1040	99
1041	124
1042	74
1043	243
1044	1
1045	128
1046	18
1047	103
1048	51
1049	116
1050	167
1051	169
1052	63
1053	220
1054	22
1055	69
1056	268
1057	47
1058	3
1059	234
1060	7
1061	100
1062	1
1063	3
1064	141
1065	213
1066	4
1067	218
1068	6
1069	200
1070	30
1071	24
1072	315
1073	352
1074	61
1075	2
1076	128
1077	18
1078	378
1079	158
1080	48
1081	39
1082	46
1083	11
1084	19
1085	52
1086	115
1087	107
1088	8
1089	1
1090	387
1091	1
1092	123
1093	7
1094	246
1095	27
1096	278
1097	276
1098	2
1099	159
1100	153
1101	183
1102	297
1103	159
1104	36
1105	200
1106	9
1107	77
1108	122
1109	7
1110	331
1111	7
1112	11
1113	69
1114	3
1115	100
1116	30
1117	330
1118	2
1119	4
1120	197
1121	14
1122	243
1123	159
1124	317
1125	19
1126	6
1127	119
1128	206
1129	3
1130	91
1131	6
1132	178
1133	31
1134	129
1135	5
1136	27
1137	252
1138	2
1139	155
1140	1
1141	26
1142	168
1143	217
1144	1
1145	87
1146	9
1147	1
1148	2
1149	222
1150	285
1151	69
1152	282
1153	18
1154	21
1155	2
1156	47
1157	151
1158	230
1159	88
1160	381
1161	152
1162	254
1163	16
1164	394
1165	202
1166	181
1167	6
1168	53
1169	302
1170	36
1171	1
1172	83
1173	65
1174	49
1175	33
1176	48
1177	57
1178	7
1179	197
1180	112
1181	15
1182	19
1183	137
1184	240
1185	231
1186	92
1187	293
1188	10
1189	276
1190	14
1191	307
1192	130
1193	12
1194	246
1195	4
1196	134
1197	158
1198	371
1199	29
1200	27
1201	357
1202	189
1203	8
1204	15
1205	8
1206	316
1207	306
1208	144
1209	170
1210	49
1211	81
1212	1
1213	114
1214	88
1215	33
1216	305
1217	156
1218	173
1219	25
1220	288
1221	4
1222	54
1223	1
1224	4
1225	263
1226	16
1227	11
1228	5
1229	4
1230	355
1231	167
1232	1
1233	161
1234	9
1235	10
1236	208
1237	115
1238	245
1239	156
1240	178
1241	183
1242	76
1243	75
1244	220
1245	16
1246	2
1247	283
1248	3
1249	10
1250	354
1251	317
1252	191
1253	319
1254	391
1255	114
1256	1
1257	27
1258	2
1259	134
1260	357
1261	168
1262	4
1263	108
1264	101
1265	1
1266	17
1267	196
1268	3
1269	41
1270	96
1271	28
1272	14
1273	12
1274	12
1275	23
1276	118
1277	45
1278	13
1279	1
1280	40
1281	52
1282	51
1283	105
1284	244
1285	22
1286	184
1287	128
1288	1
1289	232
1290	81
1291	292
1292	255
1293	55
1294	41
1295	10
1296	38
1297	121
1298	259
1299	282
1300	200
1301	11
1302	266
1303	3
1304	11
1305	84
1306	140
1307	86
1308	112
1309	3
1310	35
1311	10
1312	225
1313	45
1314	6
1315	155
1316	38
1317	250
1318	200
1319	15
1320	337
1321	34
1322	13
1323	20
1324	63
1325	120
1326	78
1327	269
1328	27
1329	307
1330	4
1331	282
1332	99
1333	3
1334	1
1335	75
1336	6
1337	25
1338	86
1339	196
1340	30
1341	96
1342	253
1343	91
1344	289
1345	13
1346	7
1347	2
1348	64
1349	14
1350	154
1351	14
1352	367
1353	48
1354	35
1355	4
1356	13
1357	5
1358	283
1359	99
1360	2
1361	263
1362	2
1363	273
1364	199
1365	23
1366	218
1367	16
1368	3
1369	222
1370	2
1371	108
1372	10
1373	3
1374	43
1375	10
1376	306
1377	31
1378	268
1379	26
1380	170
1381	88
1382	30
1383	7
1384	197
1385	216
1386	6
1387	205
1388	157
1389	35
1390	143
1391	23
1392	5
1393	245
1394	154
1395	289
1396	12
1397	23
1398	115
1399	61
1400	1
1401	4
1402	160
1403	64
1404	54
1405	10
1406	90
1407	1
1408	21
1409	386
1410	260
1411	61
1412	248
1413	103
1414	3
1415	3
1416	2
1417	146
1418	287
1419	22
1420	307
1421	205
1422	93
1423	110
1424	233
1425	210
1426	26
1427	68
1428	42
1429	21
1430	285
1431	96
1432	2
1433	21
1434	111
1435	209
1436	4
1437	22
1438	308
1439	28
1440	39
1441	91
1442	5
1443	6
1444	141
1445	12
1446	97
1447	190
1448	8
1449	192
1450	38
1451	274
1452	19
1453	5
1454	175
1455	287
1456	3
1457	157
1458	17
1459	102
1460	125
1461	9
1462	121
1463	74
1464	144
1465	327
1466	56
1467	9
1468	9
1469	165
1470	341
1471	387
1472	223
1473	24
1474	103
1475	21
1476	257
1477	25
1478	142
1479	285
1480	4
1481	5
1482	163
1483	47
1484	2
1485	228
1486	3
1487	265
1488	10
1489	141
1490	13
1491	3
1492	234
1493	21
1494	54
1495	245
1496	3
1497	165
1498	2
1499	28
1500	37
1501	104
1502	84
1503	22
1504	5
1505	73
1506	39
1507	12
1508	2
1509	266
1510	2
1511	89
1512	16
1513	13
1514	14
1515	22
1516	225
1517	243
1518	61
1519	335
1520	154
1521	9
1522	8
1523	62
1524	19
1525	75
1526	388
1527	375
1528	229
1529	170
1530	82
1531	43
1532	210
1533	15
1534	82
1535	253
1536	68
1537	2
1538	4
1539	60
1540	85
1541	30
1542	40
1543	46
1544	123
1545	92
1546	52
1547	295
1548	292
1549	9
1550	4
1551	293
1552	296
1553	17
1554	243
1555	6
1556	219
1557	9
1558	4
1559	224
1560	2
1561	18
1562	258
1563	243
1564	6
1565	18
1566	231
1567	68
1568	140
1569	328
1570	62
1571	186
1572	72
1573	48
1574	19
1575	141
1576	306
1577	61
1578	14
1579	8
1580	1
1581	5
1582	84
1583	208
1584	125
1585	36
1586	164
1587	342
1588	19
1589	234
1590	46
1591	12
1592	11
1593	324
1594	55
1595	68
1596	154
1597	8
1598	248
1599	186
1600	135
1601	241
1602	268
1603	219
1604	71
1605	127
1606	198
1607	338
1608	69
1609	4
1610	181
1611	386
1612	337
1613	328
1614	164
1615	216
1616	5
1617	38
1618	333
1619	6
1620	98
1621	93
1622	180
1623	3
1624	55
1625	5
1626	99
1627	2
1628	67
1629	72
1630	7
1631	13
1632	252
1633	70
1634	2
1635	99
1636	21
1637	33
1638	49
1639	38
1640	152
1641	132
1642	22
1643	9
1644	75
1645	95
1646	17
1647	11
1648	2
1649	14
1650	17
1651	101
1652	14
1653	311
1654	11
1655	319
1656	8
1657	3
1658	239
1659	34
1660	382
1661	73
1662	311
1663	267
1664	101
1665	35
1666	1
1667	32
1668	5
1669	327
1670	185
1671	18
1672	274
1673	124
1674	34
1675	256
1676	2
1677	21
1678	52
1679	125
1680	28
1681	3
1682	3
1683	251
1684	119
1685	36
1686	53
1687	4
1688	197
1689	180
1690	150
1691	119
1692	176
1693	208
1694	89
1695	16
1696	1
1697	66
1698	73
1699	18
1700	51
1701	94
1702	2
1703	310
1704	23
1705	7
1706	12
1707	330
1708	292
1709	12
1710	1
1711	2
1712	3
1713	167
1714	304
1715	357
1716	326
1717	278
1718	112
1719	178
1720	33
1721	154
1722	15
1723	192
1724	78
1725	352
1726	98
1727	3
1728	153
1729	1
1730	20
1731	99
1732	73
1733	1
1734	138
1735	9
1736	274
1737	1
1738	73
1739	316
1740	28
1741	373
1742	24
1743	25
1744	49
1745	22
1746	20
1747	52
1748	62
1749	9
1750	34
1751	284
1752	11
1753	4
1754	32
1755	25
1756	183
1757	12
1758	6
1759	4
1760	360
1761	14
1762	5
1763	7
1764	346
1765	147
1766	19
1767	37
1768	3
1769	56
1770	10
1771	82
1772	39
1773	99
1774	46
1775	175
1776	3
1777	354
1778	3
1779	34
1780	334
1781	35
1782	161
1783	166
1784	8
1785	13
1786	257
1787	24
1788	198
1789	6
1790	165
1791	50
1792	2
1793	5
1794	267
1795	2
1796	1
1797	389
1798	204
1799	4
1800	1
1801	346
1802	91
1803	113
1804	19
1805	240
1806	111
1807	315
1808	73
1809	154
1810	26
1811	2
1812	142
1813	59
1814	376
1815	118
1816	27
1817	163
1818	60
1819	309
1820	80
1821	5
1822	8
1823	387
1824	351
1825	78
1826	69
1827	91
1828	89
1829	25
1830	7
1831	64
1832	32
1833	13
1834	32
1835	13
1836	11
1837	100
1838	301
1839	70
1840	3
1841	146
1842	382
1843	6
1844	393
1845	25
1846	364
1847	9
1848	5
1849	318
1850	16
1851	58
1852	258
1853	20
1854	360
1855	31
1856	11
1857	13
1858	66
1859	28
1860	1
1861	365
1862	201
1863	324
1864	50
1865	2
1866	57
1867	292
1868	26
1869	77
1870	3
1871	290
1872	8
1873	130
1874	2
1875	6
1876	158
1877	1
1878	14
1879	8
1880	1
1881	17
1882	108
1883	1
1884	22
1885	32
1886	97
1887	328
1888	333
1889	220
1890	295
1891	20
1892	3
1893	235
1894	49
1895	97
1896	21
1897	51
1898	49
1899	181
1900	8
1901	3
1902	130
1903	13
1904	316
1905	74
1906	94
1907	85
1908	2
1909	54
1910	170
1911	27
1912	294
1913	2
1914	1
1915	1
1916	134
1917	99
1918	298
1919	43
1920	23
1921	24
1922	208
1923	115
1924	29
1925	85
1926	164
1927	127
1928	190
1929	24
1930	14
1931	288
1932	177
1933	34
1934	23
1935	4
1936	257
1937	47
1938	348
1939	177
1940	124
1941	38
1942	320
1943	2
1944	101
1945	335
1946	1
1947	252
1948	212
1949	212
1950	176
1951	141
1952	182
1953	1
1954	116
1955	238
1956	44
1957	188
1958	130
1959	13
1960	8
1961	102
1962	6
1963	206
1964	19
1965	42
1966	102
1967	12
1968	121
1969	199
1970	57
1971	9
1972	338
1973	1
1974	216
1975	111
1976	183
1977	218
1978	13
1979	3
1980	46
1981	237
1982	318
1983	142
1984	105
1985	340
1986	195
1987	76
1988	344
1989	11
1990	14
1991	118
1992	7
1993	15
1994	249
1995	286
1996	66
1997	70
1998	79
1999	41
2000	153
2001	263
2002	379
2003	172
2004	18
2005	59
2006	347
2007	167
2008	11
2009	34
2010	262
2011	380
2012	86
2013	18
2014	10
2015	4
2016	18
2017	1
2018	70
2019	110
2020	6
2021	1
2022	14
2023	7
2024	278
2025	196
2026	5
2027	383
2028	71
2029	100
2030	315
2031	332
2032	345
2033	301
2034	89
2035	1
2036	343
2037	226
2038	48
2039	271
2040	217
2041	4
2042	2
2043	269
2044	267
2045	306
2046	32
2047	41
2048	187
2049	62
2050	7
2051	273
2052	151
2053	1
2054	165
2055	285
2056	347
2057	259
2058	309
2059	134
2060	140
2061	59
2062	21
2063	6
2064	189
2065	256
2066	7
2067	197
2068	295
2069	10
2070	3
2071	284
2072	7
2073	80
2074	381
2075	191
2076	2
2077	3
2078	235
2079	157
2080	150
2081	76
2082	137
2083	40
2084	1
2085	30
2086	1
2087	2
2088	165
2089	268
2090	124
2091	52
2092	222
2093	7
2094	69
2095	64
2096	5
2097	168
2098	1
2099	57
2100	2
2101	6
2102	103
2103	305
2104	11
2105	208
2106	277
2107	10
2108	4
2109	5
2110	40
2111	76
2112	191
2113	106
2114	50
2115	164
2116	343
2117	24
2118	125
2119	238
2120	6
2121	82
2122	132
2123	38
2124	21
2125	69
2126	40
2127	6
2128	45
2129	67
2130	242
2131	15
2132	12
2133	2
2134	113
2135	343
2136	327
2137	15
2138	7
2139	172
2140	2
2141	7
2142	126
2143	39
2144	358
2145	210
2146	12
2147	38
2148	16
2149	40
2150	3
2151	183
2152	317
2153	2
2154	9
2155	1
2156	1
2157	6
2158	32
2159	226
2160	194
2161	336
2162	8
2163	32
2164	189
2165	38
2166	120
2167	13
2168	35
2169	7
2170	320
2171	383
2172	5
2173	19
2174	35
2175	390
2176	126
2177	309
2178	14
2179	52
2180	42
2181	271
2182	152
2183	3
2184	140
2185	264
2186	28
2187	98
2188	284
2189	50
2190	6
2191	104
2192	71
2193	136
2194	300
2195	91
2196	89
2197	180
2198	134
2199	21
2200	378
2201	1
2202	226
2203	249
2204	94
2205	235
2206	3
2207	75
2208	330
2209	1
2210	11
2211	393
2212	317
2213	8
2214	3
2215	28
2216	7
2217	366
2218	153
2219	10
2220	168
2221	66
2222	376
2223	26
2224	1
2225	111
2226	65
2227	5
2228	211
2229	114
2230	71
2231	18
2232	3
2233	10
2234	147
2235	392
2236	1
2237	184
2238	384
2239	97
2240	20
2241	209
2242	2
2243	9
2244	75
2245	90
2246	260
2247	197
2248	4
2249	4
2250	157
2251	143
2252	4
2253	24
2254	4
2255	121
2256	27
2257	26
2258	142
2259	69
2260	41
2261	8
2262	101
2263	367
2264	48
2265	2
2266	3
2267	5
2268	87
2269	111
2270	14
2271	26
2272	15
2273	116
2274	22
2275	216
2276	24
2277	3
2278	192
2279	135
2280	7
2281	25
2282	188
2283	351
2284	11
2285	221
2286	5
2287	195
2288	296
2289	364
2290	217
2291	87
2292	1
2293	1
2294	137
2295	373
2296	73
2297	63
2298	2
2299	284
2300	88
2301	7
2302	1
2303	8
2304	84
2305	29
2306	11
2307	13
2308	83
2309	336
2310	203
2311	1
2312	25
2313	295
2314	52
2315	44
2316	169
2317	9
2318	139
2319	337
2320	1
2321	3
2322	10
2323	149
2324	83
2325	69
2326	360
2327	60
2328	24
2329	128
2330	349
2331	1
2332	16
2333	219
2334	308
2335	191
2336	14
2337	162
2338	68
2339	18
2340	50
2341	28
2342	2
2343	15
2344	24
2345	322
2346	167
2347	102
2348	165
2349	163
2350	8
2351	1
2352	126
2353	125
2354	5
2355	12
2356	3
2357	1
2358	4
2359	55
2360	72
2361	69
2362	23
2363	131
2364	142
2365	7
2366	175
2367	333
2368	366
2369	34
2370	224
2371	114
2372	117
2373	38
2374	110
2375	61
2376	2
2377	259
2378	355
2379	181
2380	140
2381	19
2382	122
2383	3
2384	20
2385	86
2386	9
2387	79
2388	110
2389	47
2390	3
2391	231
2392	390
2393	385
2394	1
2395	246
2396	325
2397	156
2398	2
2399	60
2400	68
2401	42
2402	274
2403	2
2404	4
2405	4
2406	16
2407	3
2408	98
2409	298
2410	247
2411	364
2412	109
2413	287
2414	1
2415	1
2416	11
2417	350
2418	19
2419	190
2420	4
2421	247
2422	236
2423	24
2424	1
2425	5
2426	132
2427	1
2428	313
2429	9
2430	61
2431	17
2432	249
2433	55
2434	1
2435	346
2436	33
2437	395
2438	3
2439	5
2440	70
2441	128
2442	4
2443	26
2444	265
2445	282
2446	78
2447	395
2448	290
2449	4
2450	192
2451	11
2452	298
2453	78
2454	127
2455	2
2456	2
2457	1
2458	170
2459	224
2460	27
2461	56
2462	126
2463	380
2464	3
2465	374
2466	6
2467	150
2468	282
2469	30
2470	3
2471	66
2472	23
2473	22
2474	13
2475	350
2476	35
2477	5
2478	62
2479	80
2480	275
2481	312
2482	13
2483	4
2484	50
2485	179
2486	56
2487	141
2488	32
2489	345
2490	9
2491	56
2492	212
2493	189
2494	99
2495	122
2496	1
2497	26
2498	229
2499	56
2500	221
2501	2
2502	172
2503	196
2504	165
2505	378
2506	6
2507	14
2508	223
2509	336
2510	44
2511	132
2512	6
2513	18
2514	14
2515	271
2516	78
2517	1
2518	9
2519	321
2520	209
2521	359
2522	44
2523	329
2524	144
2525	360
2526	7
2527	57
2528	20
2529	11
2530	108
2531	16
2532	8
2533	276
2534	112
2535	167
2536	105
2537	59
2538	11
2539	5
2540	38
2541	357
2542	51
2543	16
2544	97
2545	168
2546	388
2547	2
2548	11
2549	340
2550	8
2551	235
2552	26
2553	79
2554	35
2555	1
2556	133
2557	381
2558	59
2559	29
2560	2
2561	57
2562	138
2563	151
2564	42
2565	5
2566	186
2567	58
2568	30
2569	387
2570	160
2571	4
2572	8
2573	229
2574	20
2575	19
2576	1
2577	17
2578	49
2579	334
2580	92
2581	318
2582	140
2583	2
2584	325
2585	3
2586	15
2587	6
2588	54
2589	2
2590	3
2591	260
2592	5
2593	6
2594	43
2595	27
2596	164
2597	23
2598	1
2599	134
2600	300
2601	44
2602	32
2603	253
2604	239
2605	4
2606	8
2607	47
2608	246
2609	38
2610	256
2611	99
2612	5
2613	46
2614	52
2615	37
2616	2
2617	372
2618	21
2619	9
2620	51
2621	3
2622	198
2623	10
2624	50
2625	17
2626	60
2627	73
2628	331
2629	241
2630	227
2631	47
2632	7
2633	87
2634	148
2635	4
2636	1
2637	218
2638	4
2639	4
2640	177
2641	36
2642	7
2643	104
2644	191
2645	171
2646	122
2647	82
2648	3
2649	2
2650	230
2651	2
2652	228
2653	67
2654	331
2655	100
2656	201
2657	1
2658	39
2659	222
2660	196
2661	269
2662	96
2663	18
2664	88
2665	5
2666	89
2667	23
2668	285
2669	37
2670	105
2671	44
2672	1
2673	181
2674	8
2675	2
2676	47
2677	28
2678	250
2679	118
2680	4
2681	124
2682	6
2683	284
2684	15
2685	5
2686	340
2687	3
2688	68
2689	325
2690	236
2691	161
2692	8
2693	353
2694	107
2695	183
2696	4
2697	199
2698	2
2699	104
2700	82
2701	323
2702	34
2703	384
2704	99
2705	2
2706	166
2707	155
2708	11
2709	8
2710	13
2711	1
2712	261
2713	73
2714	252
2715	112
2716	2
2717	186
2718	234
2719	175
2720	36
2721	33
2722	293
2723	114
2724	200
2725	129
2726	23
2727	37
2728	3
2729	239
2730	17
2731	33
2732	88
2733	242
2734	5
2735	182
2736	194
2737	10
2738	28
2739	70
2740	155
2741	100
2742	158
2743	217
2744	18
2745	45
2746	9
2747	2
2748	361
2749	23
2750	260
2751	182
2752	46
2753	25
2754	240
2755	84
2756	301
2757	1
2758	15
2759	33
2760	103
2761	300
2762	244
2763	27
2764	52
2765	16
2766	32
2767	298
2768	2
2769	1
2770	315
2771	187
2772	1
2773	2
2774	29
2775	3
2776	35
2777	285
2778	53
2779	368
2780	82
2781	192
2782	172
2783	16
2784	228
2785	145
2786	16
2787	5
2788	239
2789	234
2790	74
2791	35
2792	40
2793	375
2794	1
2795	284
2796	108
2797	2
2798	4
2799	142
2800	354
2801	2
2802	132
2803	11
2804	302
2805	28
2806	15
2807	310
2808	356
2809	288
2810	349
2811	287
2812	41
2813	138
2814	171
2815	373
2816	123
2817	6
2818	366
2819	7
2820	325
2821	28
2822	5
2823	2
2824	14
2825	87
2826	152
2827	255
2828	44
2829	150
2830	185
2831	7
2832	304
2833	60
2834	12
2835	6
2836	62
2837	84
2838	76
2839	14
2840	9
2841	136
2842	2
2843	390
2844	45
2845	345
2846	219
2847	306
2848	254
2849	391
2850	309
2851	162
2852	262
2853	14
2854	112
2855	37
2856	61
2857	2
2858	240
2859	16
2860	51
2861	162
2862	7
2863	89
2864	1
2865	10
2866	273
2867	327
2868	7
2869	239
2870	29
2871	2
2872	2
2873	98
2874	2
2875	22
2876	328
2877	17
2878	251
2879	8
2880	84
2881	91
2882	231
2883	96
2884	361
2885	101
2886	196
2887	1
2888	371
2889	31
2890	9
2891	1
2892	88
2893	7
2894	55
2895	342
2896	9
2897	45
2898	2
2899	287
2900	4
2901	156
2902	40
2903	88
2904	11
2905	11
2906	216
2907	264
2908	123
2909	95
2910	9
2911	19
2912	2
2913	5
2914	205
2915	18
2916	378
2917	159
2918	8
2919	128
2920	360
2921	192
2922	44
2923	5
2924	187
2925	38
2926	22
2927	76
2928	66
2929	9
2930	27
2931	371
2932	20
2933	93
2934	28
2935	208
2936	107
2937	216
2938	362
2939	8
2940	81
2941	41
2942	9
2943	51
2944	102
2945	14
2946	14
2947	168
2948	213
2949	45
2950	10
2951	17
2952	161
2953	100
2954	209
2955	339
2956	157
2957	53
2958	297
2959	125
2960	10
2961	196
2962	60
2963	94
2964	19
2965	190
2966	62
2967	1
2968	218
2969	208
2970	20
2971	9
2972	17
2973	385
2974	13
2975	6
2976	96
2977	5
2978	370
2979	347
2980	120
2981	332
2982	86
2983	70
2984	31
2985	6
2986	73
2987	236
2988	1
2989	295
2990	173
2991	131
2992	5
2993	48
2994	18
2995	75
2996	12
2997	45
2998	14
2999	181
3000	242
3001	29
3002	339
3003	328
3004	152
3005	14
3006	236
3007	45
3008	36
3009	162
3010	7
3011	261
3012	345
3013	33
3014	2
3015	14
3016	1
3017	282
3018	64
3019	46
3020	129
3021	6
3022	66
3023	273
3024	132
3025	274
3026	61
3027	14
3028	65
3029	3
3030	266
3031	307
3032	12
3033	291
3034	1
3035	186
3036	6
3037	29
3038	108
3039	2
3040	325
3041	10
3042	249
3043	320
3044	119
3045	4
3046	1
3047	122
3048	123
3049	10
3050	37
3051	3
3052	381
3053	359
3054	199
3055	35
3056	143
3057	1
3058	273
3059	1
3060	59
3061	2
3062	9
3063	245
3064	221
3065	157
3066	122
3067	3
3068	116
3069	238
3070	302
3071	269
3072	226
3073	274
3074	7
3075	31
3076	332
3077	23
3078	31
3079	304
3080	40
3081	4
3082	252
3083	6
3084	261
3085	3
3086	10
3087	252
3088	62
3089	18
3090	3
3091	52
3092	301
3093	135
3094	40
3095	207
3096	94
3097	47
3098	78
3099	28
3100	2
3101	11
3102	3
3103	4
3104	60
3105	1
3106	6
3107	16
3108	98
3109	9
3110	69
3111	5
3112	50
3113	339
3114	87
3115	34
3116	389
3117	7
3118	163
3119	1
3120	44
3121	6
3122	46
3123	3
3124	20
3125	5
3126	5
3127	106
3128	23
3129	6
3130	220
3131	37
3132	341
3133	36
3134	71
3135	2
3136	366
3137	14
3138	19
3139	305
3140	4
3141	7
3142	48
3143	342
3144	24
3145	303
3146	5
3147	1
3148	4
3149	214
3150	156
3151	22
3152	1
3153	160
3154	50
3155	23
3156	5
3157	255
3158	9
3159	5
3160	9
3161	1
3162	194
3163	2
3164	190
3165	91
3166	131
3167	107
3168	212
3169	311
3170	341
3171	211
3172	109
3173	2
3174	267
3175	52
3176	66
3177	2
3178	189
3179	257
3180	82
3181	195
3182	191
3183	74
3184	35
3185	132
3186	31
3187	2
3188	106
3189	108
3190	16
3191	8
3192	69
3193	82
3194	298
3195	24
3196	339
3197	389
3198	65
3199	394
3200	34
3201	161
3202	2
3203	6
3204	139
3205	49
3206	181
3207	14
3208	33
3209	183
3210	361
3211	3
3212	50
3213	289
3214	193
3215	21
3216	238
3217	192
3218	112
3219	162
3220	1
3221	91
3222	17
3223	30
3224	19
3225	52
3226	67
3227	5
3228	171
3229	241
3230	10
3231	137
3232	9
3233	10
3234	113
3235	386
3236	14
3237	11
3238	3
3239	16
3240	304
3241	15
3242	166
3243	114
3244	34
3245	6
3246	392
3247	27
3248	303
3249	3
3250	34
3251	7
3252	280
3253	42
3254	87
3255	5
3256	45
3257	313
3258	39
3259	19
3260	1
3261	14
3262	5
3263	67
3264	7
3265	49
3266	4
3267	11
3268	33
3269	31
3270	3
3271	31
3272	273
3273	88
3274	213
3275	45
3276	117
3277	281
3278	174
3279	48
3280	6
3281	258
3282	33
3283	13
3284	133
3285	27
3286	104
3287	239
3288	8
3289	7
3290	10
3291	102
3292	9
3293	259
3294	3
3295	4
3296	75
3297	1
3298	3
3299	259
3300	4
3301	13
3302	63
3303	17
3304	4
3305	12
3306	15
3307	33
3308	93
3309	2
3310	334
3311	1
3312	15
3313	268
3314	2
3315	223
3316	6
3317	23
3318	17
3319	1
3320	126
3321	107
3322	334
3323	162
3324	23
3325	42
3326	37
3327	5
3328	37
3329	88
3330	15
3331	14
3332	200
3333	6
3334	8
3335	23
3336	95
3337	14
3338	244
3339	200
3340	63
3341	342
3342	219
3343	4
3344	201
3345	336
3346	21
3347	387
3348	308
3349	1
3350	215
3351	51
3352	54
3353	12
3354	79
3355	173
3356	81
3357	32
3358	143
3359	29
3360	4
3361	2
3362	186
3363	150
3364	1
3365	177
3366	374
3367	304
3368	129
3369	270
3370	42
3371	1
3372	48
3373	1
3374	119
3375	208
3376	6
3377	275
3378	34
3379	89
3380	150
3381	278
3382	12
3383	37
3384	85
3385	234
3386	9
3387	47
3388	74
3389	261
3390	2
3391	4
3392	322
3393	172
3394	217
3395	107
3396	80
3397	191
3398	215
3399	150
3400	47
3401	8
3402	28
3403	15
3404	46
3405	196
3406	1
3407	14
3408	13
3409	7
3410	58
3411	281
3412	227
3413	72
3414	18
3415	374
3416	14
3417	22
3418	65
3419	5
3420	12
3421	1
3422	45
3423	330
3424	359
3425	349
3426	81
3427	229
3428	320
3429	12
3430	52
3431	80
3432	9
3433	22
3434	16
3435	40
3436	155
3437	124
3438	22
3439	234
3440	19
3441	309
3442	297
3443	342
3444	215
3445	1
3446	106
3447	2
3448	176
3449	81
3450	9
3451	25
3452	144
3453	297
3454	3
3455	261
3456	233
3457	25
3458	105
3459	308
3460	3
3461	282
3462	17
3463	26
3464	12
3465	259
3466	1
3467	219
3468	18
3469	15
3470	79
3471	3
3472	391
3473	96
3474	92
3475	375
3476	14
3477	135
3478	1
3479	20
3480	51
3481	214
3482	64
3483	2
3484	46
3485	147
3486	63
3487	147
3488	3
3489	40
3490	224
3491	10
3492	6
3493	30
3494	291
3495	266
3496	1
3497	1
3498	142
3499	174
3500	336
3501	120
3502	87
3503	72
3504	6
3505	60
3506	114
3507	22
3508	270
3509	6
3510	49
3511	1
3512	139
3513	56
3514	7
3515	12
3516	232
3517	6
3518	77
3519	3
3520	106
3521	5
3522	273
3523	14
3524	64
3525	12
3526	259
3527	40
3528	8
3529	8
3530	11
3531	5
3532	385
3533	104
3534	2
3535	294
3536	2
3537	224
3538	358
3539	1
3540	390
3541	4
3542	377
3543	18
3544	39
3545	2
3546	10
3547	340
3548	32
3549	21
3550	146
3551	10
3552	6
3553	78
3554	113
3555	82
3556	46
3557	33
3558	3
3559	35
3560	20
3561	5
3562	125
3563	237
3564	7
3565	372
3566	88
3567	393
3568	104
3569	4
3570	22
3571	2
3572	241
3573	21
3574	73
3575	7
3576	63
3577	302
3578	134
3579	42
3580	225
3581	149
3582	35
3583	15
3584	178
3585	4
3586	211
3587	22
3588	312
3589	2
3590	6
3591	3
3592	170
3593	131
3594	247
3595	1
3596	24
3597	265
3598	381
3599	44
3600	4
3601	2
3602	2
3603	4
3604	13
3605	81
3606	9
3607	72
3608	92
3609	276
3610	4
3611	77
3612	1
3613	151
3614	9
3615	108
3616	112
3617	37
3618	92
3619	43
3620	4
3621	6
3622	366
3623	68
3624	348
3625	4
3626	10
3627	161
3628	197
3629	237
3630	350
3631	3
3632	10
3633	7
3634	33
3635	140
3636	34
3637	323
3638	23
3639	8
3640	153
3641	107
3642	204
3643	11
3644	2
3645	132
3646	2
3647	228
3648	40
3649	349
3650	14
3651	34
3652	3
3653	42
3654	77
3655	170
3656	68
3657	19
3658	1
3659	31
3660	283
3661	104
3662	288
3663	7
3664	45
3665	3
3666	9
3667	291
3668	31
3669	243
3670	40
3671	147
3672	219
3673	1
3674	161
3675	327
3676	4
3677	1
3678	1
3679	2
3680	37
3681	27
3682	5
3683	5
3684	90
3685	161
3686	242
3687	224
3688	262
3689	311
3690	58
3691	64
3692	14
3693	5
3694	92
3695	8
3696	347
3697	291
3698	339
3699	174
3700	40
3701	88
3702	2
3703	36
3704	89
3705	319
3706	6
3707	91
3708	110
3709	221
3710	296
3711	72
3712	244
3713	18
3714	5
3715	176
3716	13
3717	29
3718	31
3719	12
3720	38
3721	119
3722	109
3723	265
3724	22
3725	79
3726	4
3727	47
3728	78
3729	7
3730	335
3731	204
3732	18
3733	1
3734	5
3735	156
3736	322
3737	299
3738	22
3739	11
3740	216
3741	10
3742	4
3743	62
3744	207
3745	1
3746	130
3747	3
3748	25
3749	1
3750	92
3751	319
3752	55
3753	9
3754	146
3755	121
3756	24
3757	13
3758	2
3759	49
3760	24
3761	168
3762	1
3763	4
3764	38
3765	383
3766	18
3767	70
3768	395
3769	80
3770	207
3771	242
3772	11
3773	8
3774	214
3775	168
3776	2
3777	2
3778	58
3779	22
3780	12
3781	9
3782	2
3783	94
3784	191
3785	74
3786	37
3787	39
3788	25
3789	191
3790	36
3791	204
3792	3
3793	5
3794	80
3795	80
3796	10
3797	104
3798	74
3799	24
3800	2
3801	186
3802	41
3803	13
3804	89
3805	30
3806	28
3807	14
3808	350
3809	2
3810	39
3811	71
3812	24
3813	1
3814	210
3815	109
3816	52
3817	278
3818	263
3819	2
3820	183
3821	6
3822	17
3823	177
3824	9
3825	123
3826	5
3827	231
3828	4
3829	7
3830	281
3831	235
3832	16
3833	59
3834	97
3835	53
3836	34
3837	4
3838	5
3839	9
3840	1
3841	12
3842	163
3843	10
3844	326
3845	222
3846	59
3847	1
3848	95
3849	101
3850	34
3851	8
3852	256
3853	9
3854	27
3855	45
3856	296
3857	2
3858	214
3859	5
3860	294
3861	32
3862	89
3863	211
3864	81
3865	252
3866	180
3867	2
3868	15
3869	157
3870	8
3871	264
3872	291
3873	11
3874	185
3875	1
3876	2
3877	3
3878	3
3879	7
3880	8
3881	84
3882	71
3883	1
3884	35
3885	8
3886	95
3887	223
3888	10
3889	34
3890	3
3891	385
3892	6
3893	6
3894	56
3895	1
3896	8
3897	138
3898	113
3899	13
3900	243
3901	79
3902	287
3903	93
3904	41
3905	1
3906	121
3907	266
3908	156
3909	16
3910	52
3911	4
3912	12
3913	35
3914	35
3915	295
3916	207
3917	97
3918	7
3919	2
3920	18
3921	159
3922	6
3923	2
3924	3
3925	29
3926	171
3927	240
3928	104
3929	31
3930	81
3931	38
3932	70
3933	325
3934	51
3935	1
3936	220
3937	110
3938	9
3939	11
3940	3
3941	53
3942	1
3943	146
3944	241
3945	5
3946	3
3947	241
3948	377
3949	33
3950	3
3951	58
3952	126
3953	20
3954	102
3955	82
3956	23
3957	5
3958	121
3959	8
3960	376
3961	368
3962	31
3963	116
3964	1
3965	13
3966	217
3967	1
3968	3
3969	215
3970	26
3971	328
3972	149
3973	70
3974	13
3975	18
3976	13
3977	3
3978	140
3979	12
3980	6
3981	18
3982	307
3983	89
3984	1
3985	113
3986	4
3987	42
3988	50
3989	117
3990	3
3991	53
3992	307
3993	74
3994	106
3995	2
3996	213
3997	340
3998	338
3999	170
4000	1
4001	52
4002	295
4003	325
4004	88
4005	379
4006	23
4007	7
4008	1
4009	1
4010	99
4011	25
4012	326
4013	8
4014	1
4015	191
4016	16
4017	46
4018	9
4019	346
4020	82
4021	199
4022	4
4023	203
4024	9
4025	196
4026	147
4027	26
4028	3
4029	1
4030	33
4031	29
4032	134
4033	102
4034	2
4035	223
4036	123
4037	23
4038	9
4039	27
4040	33
4041	150
4042	137
4043	9
4044	289
4045	2
4046	88
4047	2
4048	175
4049	294
4050	71
4051	358
4052	26
4053	200
4054	35
4055	343
4056	25
4057	10
4058	234
4059	314
4060	2
4061	7
4062	11
4063	88
4064	5
4065	66
4066	2
4067	264
4068	3
4069	33
4070	154
4071	6
4072	286
4073	60
4074	8
4075	8
4076	32
4077	39
4078	74
4079	19
4080	27
4081	7
4082	146
4083	177
4084	19
4085	311
4086	75
4087	11
4088	8
4089	40
4090	57
4091	31
4092	249
4093	9
4094	117
4095	352
4096	46
4097	4
4098	44
4099	155
4100	33
4101	309
4102	15
4103	276
4104	200
4105	7
4106	370
4107	298
4108	139
4109	381
4110	233
4111	59
4112	3
4113	7
4114	4
4115	5
4116	17
4117	29
4118	119
4119	1
4120	342
4121	7
4122	38
4123	2
4124	22
4125	16
4126	6
4127	57
4128	53
4129	41
4130	4
4131	1
4132	152
4133	65
4134	6
4135	19
4136	116
4137	107
4138	38
4139	57
4140	23
4141	166
4142	124
4143	294
4144	2
4145	28
4146	113
4147	5
4148	211
4149	26
4150	389
4151	245
4152	63
4153	176
4154	174
4155	9
4156	1
4157	25
4158	8
4159	136
4160	2
4161	7
4162	138
4163	354
4164	132
4165	369
4166	35
4167	2
4168	54
4169	32
4170	2
4171	44
4172	119
4173	17
4174	48
4175	19
4176	42
4177	182
4178	377
4179	124
4180	4
4181	2
4182	51
4183	151
4184	2
4185	154
4186	145
4187	8
4188	8
4189	168
4190	54
4191	226
4192	82
4193	1
4194	2
4195	101
4196	2
4197	50
4198	221
4199	24
4200	263
4201	125
4202	236
4203	3
4204	72
4205	130
4206	102
4207	38
4208	198
4209	203
4210	43
4211	366
4212	46
4213	391
4214	232
4215	17
4216	4
4217	55
4218	72
4219	64
4220	345
4221	9
4222	197
4223	140
4224	37
4225	272
4226	17
4227	4
4228	135
4229	1
4230	4
4231	43
4232	30
4233	8
4234	4
4235	115
4236	13
4237	1
4238	218
4239	2
4240	8
4241	67
4242	68
4243	172
4244	349
4245	244
4246	100
4247	119
4248	27
4249	161
4250	80
4251	298
4252	96
4253	49
4254	72
4255	353
4256	3
4257	367
4258	159
4259	222
4260	187
4261	130
4262	185
4263	63
4264	20
4265	93
4266	83
4267	255
4268	24
4269	174
4270	5
4271	273
4272	36
4273	36
4274	372
4275	133
4276	27
4277	16
4278	21
4279	12
4280	13
4281	39
4282	19
4283	6
4284	8
4285	1
4286	83
4287	9
4288	13
4289	3
4290	317
4291	100
4292	179
4293	40
4294	16
4295	9
4296	1
4297	233
4298	256
4299	6
4300	83
4301	12
4302	139
4303	388
4304	130
4305	9
4306	1
4307	19
4308	48
4309	187
4310	2
4311	53
4312	304
4313	322
4314	369
4315	7
4316	16
4317	232
4318	6
4319	80
4320	69
4321	70
4322	44
4323	130
4324	7
4325	380
4326	222
4327	65
4328	16
4329	145
4330	94
4331	75
4332	63
4333	1
4334	1
4335	77
4336	15
4337	175
4338	149
4339	289
4340	39
4341	2
4342	130
4343	26
4344	3
4345	235
4346	173
4347	300
4348	115
4349	6
4350	194
4351	282
4352	357
4353	225
4354	4
4355	263
4356	5
4357	281
4358	5
4359	355
4360	4
4361	176
4362	114
4363	24
4364	308
4365	12
4366	109
4367	26
4368	4
4369	16
4370	193
4371	10
4372	189
4373	219
4374	12
4375	2
4376	4
4377	1
4378	189
4379	90
4380	44
4381	267
4382	47
4383	74
4384	11
4385	227
4386	66
4387	40
4388	385
4389	138
4390	2
4391	248
4392	17
4393	23
4394	354
4395	77
4396	7
4397	1
4398	344
4399	113
4400	312
4401	18
4402	1
4403	330
4404	8
4405	235
4406	7
4407	6
4408	3
4409	286
4410	80
4411	3
4412	12
4413	26
4414	121
4415	91
4416	158
4417	58
4418	44
4419	6
4420	163
4421	71
4422	27
4423	3
4424	193
4425	20
4426	331
4427	143
4428	11
4429	290
4430	2
4431	1
4432	20
4433	24
4434	327
4435	7
4436	24
4437	33
4438	41
4439	50
4440	208
4441	12
4442	95
4443	184
4444	172
4445	363
4446	35
4447	2
4448	372
4449	158
4450	13
4451	1
4452	126
4453	228
4454	316
4455	312
4456	7
4457	9
4458	119
4459	376
4460	24
4461	29
4462	109
4463	123
4464	122
4465	1
4466	45
4467	179
4468	20
4469	1
4470	257
4471	114
4472	1
4473	163
4474	342
4475	14
4476	3
4477	67
4478	300
4479	24
4480	79
4481	17
4482	368
4483	3
4484	79
4485	382
4486	242
4487	31
4488	6
4489	1
4490	65
4491	6
4492	12
4493	176
4494	2
4495	171
4496	9
4497	14
4498	133
4499	138
4500	25
4501	66
4502	7
4503	11
4504	122
4505	1
4506	103
4507	108
4508	54
4509	115
4510	1
4511	192
4512	49
4513	278
4514	22
4515	274
4516	24
4517	199
4518	55
4519	77
4520	22
4521	163
4522	42
4523	25
4524	332
4525	110
4526	4
4527	160
4528	373
4529	57
4530	121
4531	270
4532	32
4533	10
4534	1
4535	30
4536	247
4537	100
4538	344
4539	6
4540	15
4541	3
4542	4
4543	294
4544	236
4545	57
4546	115
4547	7
4548	12
4549	41
4550	40
4551	83
4552	25
4553	43
4554	213
4555	48
4556	179
4557	5
4558	279
4559	22
4560	2
4561	353
4562	351
4563	296
4564	5
4565	89
4566	254
4567	275
4568	111
4569	330
4570	6
4571	51
4572	388
4573	232
4574	1
4575	3
4576	385
4577	3
4578	347
4579	217
4580	7
4581	90
4582	348
4583	19
4584	54
4585	218
4586	7
4587	51
4588	2
4589	14
4590	36
4591	231
4592	2
4593	299
4594	13
4595	260
4596	1
4597	380
4598	34
4599	70
4600	265
4601	16
4602	8
4603	311
4604	9
4605	126
4606	3
4607	385
4608	270
4609	5
4610	262
4611	61
4612	43
4613	261
4614	180
4615	106
4616	4
4617	55
4618	212
4619	309
4620	356
4621	195
4622	65
4623	77
4624	66
4625	6
4626	386
4627	1
4628	3
4629	20
4630	117
4631	155
4632	66
4633	363
4634	190
4635	27
4636	3
4637	55
4638	36
4639	301
4640	5
4641	370
4642	92
4643	3
4644	20
4645	63
4646	40
4647	146
4648	3
4649	45
4650	90
4651	330
4652	331
4653	1
4654	6
4655	131
4656	25
4657	12
4658	147
4659	28
4660	3
4661	275
4662	206
4663	242
4664	41
4665	15
4666	255
4667	341
4668	1
4669	16
4670	12
4671	8
4672	1
4673	306
4674	201
4675	377
4676	220
4677	5
4678	2
4679	26
4680	11
4681	32
4682	23
4683	150
4684	5
4685	159
4686	59
4687	23
4688	294
4689	352
4690	1
4691	260
4692	46
4693	131
4694	57
4695	87
4696	64
4697	346
4698	66
4699	293
4700	323
4701	38
4702	3
4703	79
4704	365
4705	12
4706	76
4707	37
4708	73
4709	3
4710	67
4711	21
4712	138
4713	62
4714	5
4715	57
4716	202
4717	7
4718	8
4719	8
4720	12
4721	67
4722	167
4723	86
4724	8
4725	213
4726	2
4727	338
4728	170
4729	4
4730	71
4731	5
4732	137
4733	11
4734	110
4735	2
4736	14
4737	63
4738	27
4739	12
4740	5
4741	25
4742	113
4743	107
4744	200
4745	36
4746	15
4747	197
4748	23
4749	5
4750	281
4751	7
4752	382
4753	56
4754	41
4755	71
4756	68
4757	3
4758	152
4759	5
4760	27
4761	183
4762	1
4763	369
4764	111
4765	2
4766	4
4767	191
4768	9
4769	258
4770	50
4771	4
4772	14
4773	2
4774	370
4775	7
4776	6
4777	5
4778	9
4779	111
4780	206
4781	87
4782	35
4783	95
4784	157
4785	292
4786	8
4787	46
4788	204
4789	211
4790	90
4791	1
4792	46
4793	36
4794	54
4795	124
4796	304
4797	61
4798	37
4799	146
4800	115
4801	348
4802	13
4803	54
4804	307
4805	5
4806	2
4807	81
4808	78
4809	6
4810	2
4811	356
4812	1
4813	15
4814	46
4815	10
4816	11
4817	14
4818	109
4819	54
4820	26
4821	26
4822	4
4823	189
4824	184
4825	383
4826	74
4827	104
4828	145
4829	5
4830	8
4831	145
4832	16
4833	1
4834	3
4835	306
4836	349
4837	225
4838	144
4839	161
4840	8
4841	252
4842	3
4843	253
4844	12
4845	12
4846	1
4847	7
4848	6
4849	48
4850	26
4851	386
4852	363
4853	2
4854	294
4855	4
4856	10
4857	33
4858	204
4859	251
4860	18
4861	201
4862	136
4863	50
4864	44
4865	214
4866	209
4867	270
4868	11
4869	24
4870	321
4871	92
4872	127
4873	17
4874	4
4875	268
4876	29
4877	192
4878	101
4879	321
4880	345
4881	97
4882	42
4883	20
4884	44
4885	3
4886	22
4887	22
4888	51
4889	43
4890	27
4891	274
4892	205
4893	21
4894	47
4895	26
4896	158
4897	115
4898	9
4899	26
4900	5
4901	322
4902	50
4903	208
4904	249
4905	49
4906	5
4907	103
4908	28
4909	100
4910	2
4911	15
4912	2
4913	356
4914	7
4915	93
4916	393
4917	303
4918	244
4919	120
4920	5
4921	38
4922	210
4923	3
4924	310
4925	2
4926	148
4927	11
4928	26
4929	13
4930	54
4931	12
4932	110
4933	141
4934	2
4935	36
4936	48
4937	6
4938	17
4939	19
4940	39
4941	277
4942	127
4943	32
4944	1
4945	3
4946	76
4947	214
4948	337
4949	84
4950	277
4951	24
4952	203
4953	388
4954	329
4955	313
4956	121
4957	8
4958	32
4959	5
4960	192
4961	371
4962	141
4963	2
4964	75
4965	30
4966	254
4967	8
4968	26
4969	18
4970	343
4971	183
4972	7
4973	116
4974	1
4975	11
4976	60
4977	8
4978	11
4979	332
4980	336
4981	79
4982	343
4983	291
4984	1
4985	2
4986	31
4987	8
4988	100
4989	310
4990	128
4991	374
4992	56
4993	385
4994	182
4995	3
4996	63
4997	58
4998	1
4999	10
5000	151
5001	105
5002	79
5003	48
5004	275
5005	4
5006	280
5007	277
5008	106
5009	258
5010	9
5011	5
5012	5
5013	236
5014	8
5015	5
5016	122
5017	279
5018	2
5019	121
5020	1
5021	245
5022	79
5023	265
5024	3
5025	3
5026	42
5027	2
5028	8
5029	355
5030	29
5031	316
5032	186
5033	236
5034	112
5035	2
5036	344
5037	121
5038	382
5039	5
5040	377
5041	1
5042	245
5043	308
5044	109
5045	7
5046	5
5047	4
5048	21
5049	7
5050	12
5051	16
5052	368
5053	4
5054	10
5055	2
5056	3
5057	9
5058	178
5059	21
5060	1
5061	8
5062	129
5063	6
5064	1
5065	1
5066	185
5067	1
5068	101
5069	222
5070	190
5071	11
5072	106
5073	18
5074	4
5075	25
5076	17
5077	219
5078	8
5079	231
5080	19
5081	360
5082	361
5083	1
5084	3
5085	279
5086	9
5087	30
5088	45
5089	250
5090	65
5091	105
5092	307
5093	10
5094	135
5095	5
5096	18
5097	351
5098	27
5099	1
5100	281
5101	2
5102	52
5103	338
5104	76
5105	53
5106	88
5107	16
5108	62
5109	5
5110	40
5111	12
5112	244
5113	383
5114	112
5115	53
5116	262
5117	7
5118	7
5119	163
5120	1
5121	299
5122	8
5123	5
5124	12
5125	1
5126	143
5127	17
5128	133
5129	2
5130	351
5131	146
5132	14
5133	18
5134	90
5135	8
5136	26
5137	68
5138	267
5139	67
5140	276
5141	15
5142	8
5143	75
5144	297
5145	7
5146	266
5147	140
5148	158
5149	45
5150	30
5151	143
5152	275
5153	34
5154	23
5155	9
5156	3
5157	35
5158	19
5159	124
5160	192
5161	267
5162	296
5163	101
5164	112
5165	275
5166	128
5167	20
5168	2
5169	224
5170	283
5171	6
5172	1
5173	176
5174	21
5175	2
5176	239
5177	392
5178	47
5179	116
5180	5
5181	2
5182	82
5183	109
5184	149
5185	207
5186	123
5187	3
5188	310
5189	195
5190	202
5191	73
5192	36
5193	1
5194	188
5195	85
5196	344
5197	30
5198	390
5199	316
5200	4
5201	13
5202	15
5203	362
5204	48
5205	14
5206	277
5207	22
5208	182
5209	3
5210	138
5211	21
5212	83
5213	89
5214	101
5215	12
5216	150
5217	47
5218	1
5219	116
5220	204
5221	8
5222	27
5223	121
5224	167
5225	6
5226	352
5227	21
5228	4
5229	217
5230	2
5231	249
5232	288
5233	64
5234	75
5235	34
5236	49
5237	6
5238	152
5239	6
5240	234
5241	51
5242	227
5243	142
5244	304
5245	367
5246	23
5247	8
5248	17
5249	182
5250	183
5251	334
5252	4
5253	214
5254	41
5255	31
5256	29
5257	101
5258	146
5259	28
5260	15
5261	24
5262	57
5263	200
5264	5
5265	50
5266	17
5267	324
5268	162
5269	23
5270	268
5271	161
5272	271
5273	250
5274	2
5275	61
5276	105
5277	28
5278	149
5279	60
5280	120
5281	20
5282	16
5283	227
5284	389
5285	54
5286	326
5287	5
5288	225
5289	48
5290	4
5291	83
5292	1
5293	162
5294	116
5295	6
5296	19
5297	256
5298	1
5299	86
5300	166
5301	146
5302	80
5303	31
5304	182
5305	118
5306	17
5307	21
5308	360
5309	7
5310	220
5311	12
5312	52
5313	52
5314	138
5315	372
5316	13
5317	393
5318	7
5319	93
5320	11
5321	111
5322	1
5323	278
5324	80
5325	5
5326	13
5327	94
5328	305
5329	109
5330	10
5331	4
5332	143
5333	113
5334	55
5335	11
5336	288
5337	1
5338	334
5339	6
5340	58
5341	211
5342	118
5343	165
5344	243
5345	9
5346	140
5347	263
5348	174
5349	249
5350	330
5351	11
5352	10
5353	115
5354	49
5355	96
5356	33
5357	59
5358	3
5359	279
5360	372
5361	12
5362	15
5363	185
5364	25
5365	83
5366	308
5367	277
5368	14
5369	240
5370	17
5371	19
5372	164
5373	309
5374	395
5375	25
5376	2
5377	18
5378	294
5379	4
5380	339
5381	2
5382	8
5383	265
5384	41
5385	184
5386	382
5387	45
5388	70
5389	38
5390	7
5391	137
5392	6
5393	86
5394	14
5395	34
5396	16
5397	110
5398	172
5399	17
5400	173
5401	17
5402	5
5403	2
5404	3
5405	114
5406	317
5407	68
5408	16
5409	3
5410	63
5411	212
5412	192
5413	16
5414	147
5415	37
5416	378
5417	209
5418	96
5419	15
5420	5
5421	149
5422	10
5423	134
5424	2
5425	5
5426	9
5427	139
5428	3
5429	28
5430	177
5431	4
5432	8
5433	14
5434	321
5435	7
5436	291
5437	29
5438	23
5439	5
5440	178
5441	277
5442	3
5443	230
5444	6
5445	329
5446	8
5447	58
5448	1
5449	93
5450	393
5451	247
5452	330
5453	232
5454	20
5455	18
5456	10
5457	26
5458	18
5459	55
5460	369
5461	92
5462	292
5463	239
5464	315
5465	87
5466	16
5467	299
5468	35
5469	43
5470	96
5471	248
5472	118
5473	39
5474	11
5475	14
5476	64
5477	1
5478	4
5479	8
5480	159
5481	29
5482	18
5483	86
5484	127
5485	197
5486	38
5487	322
5488	33
5489	9
5490	17
5491	1
5492	3
5493	90
5494	204
5495	30
5496	394
5497	43
5498	26
5499	349
5500	192
5501	12
5502	29
5503	3
5504	13
5505	233
5506	32
5507	146
5508	334
5509	22
5510	36
5511	338
5512	120
5513	183
5514	355
5515	63
5516	21
5517	21
5518	27
5519	64
5520	2
5521	148
5522	110
5523	2
5524	264
5525	120
5526	120
5527	28
5528	5
5529	6
5530	1
5531	120
5532	40
5533	4
5534	364
5535	15
5536	4
5537	19
5538	30
5539	323
5540	171
5541	290
5542	209
5543	114
5544	6
5545	27
5546	34
5547	9
5548	157
5549	21
5550	394
5551	21
5552	210
5553	215
5554	310
5555	89
5556	10
5557	242
5558	22
5559	4
5560	15
5561	126
5562	105
5563	9
5564	176
5565	223
5566	8
5567	209
5568	16
5569	55
5570	144
5571	252
5572	4
5573	2
5574	195
5575	1
5576	127
5577	2
5578	205
5579	2
5580	7
5581	353
5582	222
5583	367
5584	19
5585	70
5586	248
5587	19
5588	4
5589	368
5590	142
5591	211
5592	18
5593	56
5594	193
5595	6
5596	21
5597	115
5598	168
5599	364
5600	252
5601	8
5602	14
5603	2
5604	290
5605	10
5606	76
5607	213
5608	314
5609	87
5610	27
5611	26
5612	199
5613	122
5614	197
5615	7
5616	1
5617	172
5618	299
5619	227
5620	54
5621	102
5622	1
5623	140
5624	2
5625	1
5626	375
5627	4
5628	70
5629	6
5630	244
5631	39
5632	2
5633	268
5634	271
5635	71
5636	4
5637	45
5638	16
5639	228
5640	108
5641	148
5642	149
5643	10
5644	10
5645	199
5646	3
5647	5
5648	13
5649	163
5650	160
5651	210
5652	9
5653	37
5654	345
5655	10
5656	2
5657	21
5658	253
5659	370
5660	2
5661	6
5662	26
5663	36
5664	20
5665	282
5666	374
5667	129
5668	179
5669	337
5670	12
5671	205
5672	212
5673	9
5674	110
5675	14
5676	154
5677	136
5678	57
5679	20
5680	10
5681	187
5682	256
5683	15
5684	142
5685	15
5686	1
5687	3
5688	238
5689	27
5690	42
5691	37
5692	106
5693	224
5694	8
5695	13
5696	18
5697	160
5698	2
5699	313
5700	15
5701	75
5702	134
5703	77
5704	298
5705	166
5706	1
5707	164
5708	17
5709	39
5710	65
5711	108
5712	232
5713	53
5714	8
5715	138
5716	19
5717	3
5718	160
5719	365
5720	314
5721	39
5722	221
5723	62
5724	2
5725	223
5726	39
5727	1
5728	6
5729	3
5730	13
5731	272
5732	5
5733	29
5734	83
5735	31
5736	13
5737	1
5738	102
5739	203
5740	93
5741	19
5742	47
5743	11
5744	316
5745	393
5746	2
5747	1
5748	2
5749	10
5750	11
5751	262
5752	172
5753	1
5754	1
5755	126
5756	13
5757	227
5758	5
5759	284
5760	9
5761	82
5762	181
5763	2
5764	181
5765	124
5766	240
5767	122
5768	253
5769	56
5770	3
5771	8
5772	323
5773	10
5774	205
5775	314
5776	196
5777	80
5778	326
5779	251
5780	239
5781	1
5782	327
5783	13
5784	266
5785	88
5786	5
5787	10
5788	10
5789	345
5790	6
5791	370
5792	323
5793	260
5794	283
5795	320
5796	10
5797	13
5798	60
5799	3
5800	180
5801	2
5802	280
5803	331
5804	40
5805	338
5806	7
5807	81
5808	42
5809	18
5810	31
5811	33
5812	7
5813	65
5814	1
5815	29
5816	2
5817	5
5818	54
5819	50
5820	137
5821	331
5822	334
5823	24
5824	149
5825	51
5826	14
5827	168
5828	197
5829	3
5830	31
5831	247
5832	20
5833	314
5834	21
5835	205
5836	2
5837	8
5838	6
5839	190
5840	237
5841	14
5842	18
5843	2
5844	46
5845	24
5846	246
5847	1
5848	225
5849	150
5850	185
5851	171
5852	58
5853	55
5854	13
5855	375
5856	96
5857	11
5858	10
5859	141
5860	1
5861	128
5862	188
5863	320
5864	333
5865	106
5866	60
5867	62
5868	187
5869	4
5870	199
5871	40
5872	299
5873	6
5874	367
5875	72
5876	243
5877	284
5878	7
5879	43
5880	11
5881	280
5882	2
5883	2
5884	2
5885	20
5886	108
5887	83
5888	24
5889	25
5890	67
5891	384
5892	245
5893	89
5894	99
5895	367
5896	149
5897	6
5898	347
5899	103
5900	109
5901	346
5902	347
5903	1
5904	2
5905	186
5906	97
5907	17
5908	3
5909	25
5910	164
5911	6
5912	54
5913	263
5914	12
5915	6
5916	173
5917	138
5918	286
5919	76
5920	23
5921	148
5922	299
5923	394
5924	186
5925	135
5926	334
5927	4
5928	123
5929	4
5930	374
5931	164
5932	93
5933	9
5934	13
5935	160
5936	163
5937	296
5938	25
5939	6
5940	99
5941	384
5942	2
5943	18
5944	359
5945	73
5946	354
5947	188
5948	79
5949	341
5950	14
5951	99
5952	3
5953	153
5954	58
5955	83
5956	180
5957	194
5958	25
5959	134
5960	3
5961	75
5962	28
5963	54
5964	6
5965	16
5966	371
5967	1
5968	76
5969	50
5970	7
5971	2
5972	395
5973	394
5974	15
5975	1
5976	67
5977	6
5978	379
5979	30
5980	16
5981	51
5982	4
5983	3
5984	219
5985	215
5986	184
5987	2
5988	2
5989	14
5990	1
5991	262
5992	11
5993	11
5994	12
5995	94
5996	275
5997	89
5998	27
5999	57
6000	34
6001	34
6002	239
6003	346
6004	9
6005	39
6006	80
6007	6
6008	140
6009	344
6010	242
6011	188
6012	8
6013	25
6014	20
6015	140
6016	132
6017	3
6018	2
6019	376
6020	311
6021	220
6022	202
6023	176
6024	103
6025	26
6026	95
6027	28
6028	3
6029	173
6030	273
6031	22
6032	20
6033	9
6034	297
6035	97
6036	22
6037	64
6038	314
6039	2
6040	71
6041	133
6042	246
6043	1
6044	21
6045	12
6046	74
6047	7
6048	83
6049	363
6050	100
6051	14
6052	55
6053	11
6054	9
6055	2
6056	31
6057	115
6058	129
6059	67
6060	1
6061	380
6062	135
6063	95
6064	99
6065	26
6066	5
6067	6
6068	4
6069	29
6070	165
6071	230
6072	40
6073	53
6074	8
6075	47
6076	254
6077	13
6078	289
6079	91
6080	4
6081	395
6082	12
6083	12
6084	26
6085	8
6086	79
6087	63
6088	15
6089	299
6090	248
6091	142
6092	12
6093	363
6094	26
6095	361
6096	381
6097	240
6098	264
6099	6
6100	352
6101	39
6102	175
6103	11
6104	158
6105	381
6106	72
6107	149
6108	3
6109	2
6110	86
6111	314
6112	116
6113	326
6114	3
6115	19
6116	102
6117	95
6118	3
6119	228
6120	71
6121	313
6122	250
6123	29
6124	32
6125	228
6126	11
6127	15
6128	22
6129	4
6130	59
6131	3
6132	18
6133	160
6134	131
6135	3
6136	56
6137	221
6138	11
6139	117
6140	353
6141	47
6142	78
6143	395
6144	87
6145	14
6146	1
6147	43
6148	63
6149	15
6150	240
6151	311
6152	241
6153	33
6154	8
6155	133
6156	3
6157	166
6158	292
6159	102
6160	139
6161	18
6162	42
6163	269
6164	3
6165	7
6166	9
6167	28
6168	223
6169	359
6170	4
6171	7
6172	66
6173	12
6174	44
6175	249
6176	4
6177	2
6178	255
6179	2
6180	17
6181	15
6182	202
6183	7
6184	17
6185	257
6186	42
6187	233
6188	204
6189	173
6190	341
6191	17
6192	8
6193	6
6194	120
6195	11
6196	257
6197	288
6198	2
6199	114
6200	82
6201	6
6202	225
6203	206
6204	28
6205	123
6206	176
6207	171
6208	37
6209	97
6210	10
6211	13
6212	14
6213	92
6214	50
6215	211
6216	206
6217	75
6218	1
6219	42
6220	326
6221	349
6222	5
6223	53
6224	1
6225	66
6226	85
6227	19
6228	20
6229	48
6230	30
6231	386
6232	11
6233	28
6234	94
6235	10
6236	267
6237	10
6238	255
6239	38
6240	220
6241	10
6242	382
6243	9
6244	289
6245	8
6246	147
6247	8
6248	20
6249	112
6250	118
6251	61
6252	47
6253	215
6254	42
6255	7
6256	23
6257	27
6258	373
6259	86
6260	43
6261	388
6262	174
6263	79
6264	166
6265	4
6266	254
6267	1
6268	61
6269	207
6270	1
6271	29
6272	317
6273	348
6274	1
6275	4
6276	77
6277	387
6278	71
6279	331
6280	7
6281	329
6282	88
6283	379
6284	11
6285	216
6286	243
6287	358
6288	14
6289	17
6290	96
6291	3
6292	254
6293	212
6294	1
6295	133
6296	188
6297	158
6298	3
6299	124
6300	44
6301	107
6302	1
6303	156
6304	3
6305	289
6306	8
6307	24
6308	10
6309	43
6310	136
6311	370
6312	3
6313	158
6314	15
6315	244
6316	312
6317	4
6318	2
6319	2
6320	231
6321	146
6322	224
6323	166
6324	26
6325	246
6326	54
6327	137
6328	306
6329	332
6330	50
6331	7
6332	2
6333	84
6334	23
6335	44
6336	64
6337	194
6338	66
6339	177
6340	205
6341	8
6342	117
6343	10
6344	160
6345	247
6346	1
6347	207
6348	340
6349	278
6350	107
6351	273
6352	15
6353	20
6354	105
6355	15
6356	308
6357	250
6358	133
6359	20
6360	290
6361	92
6362	287
6363	1
6364	1
6365	2
6366	265
6367	23
6368	231
6369	8
6370	328
6371	39
6372	4
6373	11
6374	152
6375	1
6376	312
6377	108
6378	36
6379	12
6380	3
6381	11
6382	377
6383	35
6384	199
6385	1
6386	10
6387	208
6388	126
6389	4
6390	1
6391	165
6392	21
6393	214
6394	20
6395	137
6396	127
6397	177
6398	44
6399	4
6400	85
6401	21
6402	23
6403	31
6404	293
6405	140
6406	53
6407	13
6408	7
6409	57
6410	11
6411	68
6412	45
6413	11
6414	8
6415	262
6416	114
6417	36
6418	67
6419	29
6420	56
6421	175
6422	120
6423	252
6424	22
6425	35
6426	26
6427	7
6428	121
6429	202
6430	3
6431	59
6432	162
6433	1
6434	17
6435	59
6436	4
6437	2
6438	169
6439	237
6440	363
6441	14
6442	108
6443	326
6444	12
6445	8
6446	164
6447	16
6448	24
6449	15
6450	49
6451	40
6452	1
6453	353
6454	15
6455	3
6456	13
6457	375
6458	156
6459	6
6460	1
6461	7
6462	320
6463	9
6464	251
6465	58
6466	17
6467	280
6468	187
6469	9
6470	353
6471	226
6472	286
6473	206
6474	47
6475	44
6476	348
6477	33
6478	188
6479	8
6480	97
6481	2
6482	260
6483	2
6484	358
6485	6
6486	329
6487	7
6488	159
6489	148
6490	175
6491	3
6492	15
6493	300
6494	223
6495	13
6496	129
6497	6
6498	144
6499	2
6500	68
6501	90
6502	29
6503	85
6504	16
6505	116
6506	357
6507	10
6508	79
6509	3
6510	129
6511	2
6512	86
6513	20
6514	350
6515	27
6516	30
6517	182
6518	312
6519	159
6520	6
6521	20
6522	30
6523	103
6524	8
6525	28
6526	46
6527	19
6528	57
6529	37
6530	248
6531	12
6532	263
6533	10
6534	19
6535	124
6536	7
6537	1
6538	6
6539	18
6540	48
6541	5
6542	3
6543	203
6544	4
6545	4
6546	11
6547	7
6548	116
6549	89
6550	153
6551	172
6552	119
6553	12
6554	1
6555	153
6556	223
6557	21
6558	1
6559	101
6560	100
6561	302
6562	14
6563	117
6564	1
6565	1
6566	1
6567	351
6568	3
6569	8
6570	275
6571	217
6572	15
6573	3
6574	4
6575	184
6576	320
6577	265
6578	29
6579	2
6580	1
6581	97
6582	1
6583	147
6584	4
6585	132
6586	312
6587	1
6588	13
6589	355
6590	17
6591	1
6592	171
6593	79
6594	14
6595	159
6596	7
6597	28
6598	281
6599	16
6600	65
6601	70
6602	31
6603	213
6604	2
6605	41
6606	31
6607	92
6608	281
6609	13
6610	38
6611	22
6612	66
6613	4
6614	14
6615	2
6616	393
6617	95
6618	14
6619	18
6620	115
6621	16
6622	64
6623	56
6624	188
6625	23
6626	51
6627	26
6628	131
6629	44
6630	15
6631	178
6632	302
6633	235
6634	6
6635	73
6636	3
6637	361
6638	350
6639	50
6640	24
6641	233
6642	1
6643	49
6644	3
6645	94
6646	81
6647	229
6648	51
6649	335
6650	2
6651	4
6652	141
6653	136
6654	6
6655	17
6656	85
6657	11
6658	306
6659	280
6660	78
6661	18
6662	79
6663	251
6664	2
6665	59
6666	19
6667	198
6668	160
6669	1
6670	21
6671	10
6672	6
6673	144
6674	105
6675	50
6676	240
6677	2
6678	9
6679	3
6680	6
6681	39
6682	4
6683	18
6684	283
6685	73
6686	6
6687	113
6688	131
6689	1
6690	61
6691	137
6692	345
6693	8
6694	1
6695	19
6696	49
6697	307
6698	315
6699	15
6700	98
6701	25
6702	389
6703	16
6704	117
6705	125
6706	11
6707	1
6708	120
6709	41
6710	255
6711	7
6712	101
6713	318
6714	117
6715	359
6716	8
6717	2
6718	29
6719	12
6720	6
6721	39
6722	179
6723	3
6724	17
6725	39
6726	66
6727	22
6728	8
6729	46
6730	10
6731	1
6732	365
6733	13
6734	137
6735	153
6736	7
6737	78
6738	135
6739	4
6740	84
6741	12
6742	60
6743	8
6744	250
6745	38
6746	3
6747	47
6748	147
6749	270
6750	8
6751	53
6752	50
6753	85
6754	363
6755	238
6756	1
6757	5
6758	11
6759	231
6760	12
6761	8
6762	5
6763	125
6764	3
6765	95
6766	94
6767	331
6768	13
6769	1
6770	23
6771	303
6772	2
6773	7
6774	9
6775	6
6776	1
6777	100
6778	17
6779	87
6780	115
6781	91
6782	13
6783	10
6784	55
6785	81
6786	287
6787	6
6788	146
6789	33
6790	12
6791	283
6792	37
6793	2
6794	241
6795	93
6796	87
6797	2
6798	66
6799	84
6800	153
6801	173
6802	268
6803	5
6804	5
6805	14
6806	258
6807	9
6808	14
6809	21
6810	160
6811	14
6812	15
6813	10
6814	238
6815	5
6816	379
6817	90
6818	62
6819	219
6820	131
6821	98
6822	78
6823	41
6824	253
6825	46
6826	19
6827	184
6828	6
6829	32
6830	106
6831	4
6832	380
6833	340
6834	185
6835	9
6836	18
6837	18
6838	188
6839	212
6840	5
6841	35
6842	174
6843	225
6844	54
6845	148
6846	90
6847	19
6848	235
6849	58
6850	264
6851	316
6852	17
6853	272
6854	221
6855	297
6856	4
6857	5
6858	160
6859	12
6860	72
6861	8
6862	25
6863	136
6864	53
6865	42
6866	218
6867	171
6868	71
6869	112
6870	1
6871	134
6872	12
6873	3
6874	365
6875	262
6876	3
6877	7
6878	6
6879	10
6880	6
6881	199
6882	5
6883	10
6884	3
6885	21
6886	20
6887	6
6888	162
6889	159
6890	300
6891	54
6892	331
6893	7
6894	210
6895	250
6896	14
6897	33
6898	11
6899	237
6900	13
6901	61
6902	90
6903	169
6904	10
6905	367
6906	261
6907	58
6908	201
6909	309
6910	106
6911	50
6912	6
6913	2
6914	15
6915	22
6916	265
6917	29
6918	350
6919	1
6920	13
6921	39
6922	16
6923	305
6924	5
6925	369
6926	26
6927	47
6928	155
6929	2
6930	28
6931	3
6932	44
6933	139
6934	221
6935	77
6936	121
6937	11
6938	12
6939	22
6940	255
6941	59
6942	8
6943	199
6944	16
6945	127
6946	34
6947	1
6948	45
6949	79
6950	90
6951	19
6952	1
6953	45
6954	109
6955	296
6956	142
6957	1
6958	30
6959	36
6960	387
6961	123
6962	378
6963	280
6964	147
6965	75
6966	177
6967	375
6968	22
6969	87
6970	37
6971	7
6972	17
6973	59
6974	169
6975	15
6976	358
6977	46
6978	43
6979	17
6980	20
6981	348
6982	222
6983	64
6984	232
6985	212
6986	153
6987	8
6988	6
6989	32
6990	10
6991	18
6992	10
6993	54
6994	25
6995	51
6996	183
6997	17
6998	201
6999	302
7000	3
7001	3
7002	395
7003	105
7004	124
7005	173
7006	303
7007	315
7008	182
7009	12
7010	6
7011	25
7012	31
7013	49
7014	32
7015	132
7016	129
7017	16
7018	314
7019	151
7020	24
7021	2
7022	81
7023	7
7024	94
7025	6
7026	43
7027	319
7028	1
7029	3
7030	48
7031	51
7032	332
7033	330
7034	140
7035	2
7036	85
7037	18
7038	114
7039	11
7040	18
7041	33
7042	221
7043	271
7044	31
7045	184
7046	9
7047	383
7048	244
7049	14
7050	6
7051	333
7052	19
7053	23
7054	115
7055	33
7056	1
7057	279
7058	76
7059	30
7060	281
7061	7
7062	71
7063	247
7064	76
7065	41
7066	17
7067	128
7068	106
7069	272
7070	32
7071	29
7072	34
7073	294
7074	68
7075	74
7076	14
7077	7
7078	14
7079	276
7080	352
7081	24
7082	1
7083	25
7084	27
7085	16
7086	120
7087	2
7088	7
7089	1
7090	10
7091	2
7092	41
7093	187
7094	2
7095	115
7096	392
7097	98
7098	12
7099	63
7100	15
7101	379
7102	1
7103	5
7104	280
7105	4
7106	233
7107	275
7108	21
7109	114
7110	156
7111	64
7112	2
7113	4
7114	6
7115	14
7116	141
7117	17
7118	226
7119	391
7120	3
7121	74
7122	217
7123	2
7124	13
7125	135
7126	109
7127	94
7128	7
7129	141
7130	235
7131	43
7132	157
7133	198
7134	4
7135	3
7136	6
7137	24
7138	162
7139	5
7140	86
7141	203
7142	63
7143	6
7144	127
7145	279
7146	63
7147	219
7148	152
7149	4
7150	14
7151	227
7152	6
7153	4
7154	196
7155	12
7156	1
7157	162
7158	194
7159	144
7160	175
7161	44
7162	247
7163	30
7164	189
7165	389
7166	27
7167	116
7168	28
7169	269
7170	336
7171	112
7172	216
7173	148
7174	347
7175	48
7176	221
7177	10
7178	256
7179	77
7180	18
7181	4
7182	5
7183	2
7184	32
7185	1
7186	41
7187	8
7188	25
7189	208
7190	8
7191	77
7192	15
7193	21
7194	163
7195	15
7196	3
7197	35
7198	1
7199	151
7200	373
7201	272
7202	6
7203	198
7204	13
7205	9
7206	185
7207	6
7208	56
7209	259
7210	11
7211	5
7212	324
7213	280
7214	15
7215	44
7216	80
7217	2
7218	59
7219	180
7220	312
7221	3
7222	2
7223	4
7224	286
7225	16
7226	167
7227	7
7228	190
7229	103
7230	97
7231	374
7232	332
7233	47
7234	17
7235	8
7236	10
7237	329
7238	8
7239	32
7240	1
7241	155
7242	39
7243	10
7244	74
7245	336
7246	201
7247	363
7248	166
7249	78
7250	8
7251	256
7252	101
7253	5
7254	40
7255	4
7256	7
7257	157
7258	103
7259	35
7260	118
7261	25
7262	105
7263	305
7264	114
7265	39
7266	161
7267	303
7268	59
7269	110
7270	1
7271	175
7272	242
7273	167
7274	257
7275	6
7276	2
7277	19
7278	30
7279	24
7280	129
7281	31
7282	264
7283	310
7284	378
7285	354
7286	63
7287	29
7288	210
7289	22
7290	1
7291	13
7292	13
7293	5
7294	148
7295	162
7296	3
7297	362
7298	145
7299	92
7300	246
7301	3
7302	377
7303	152
7304	23
7305	18
7306	21
7307	136
7308	17
7309	18
7310	2
7311	13
7312	164
7313	21
7314	2
7315	6
7316	369
7317	86
7318	271
7319	348
7320	225
7321	32
7322	16
7323	304
7324	152
7325	1
7326	337
7327	56
7328	238
7329	108
7330	119
7331	9
7332	77
7333	5
7334	178
7335	11
7336	4
7337	253
7338	312
7339	39
7340	3
7341	211
7342	5
7343	1
7344	3
7345	23
7346	225
7347	45
7348	71
7349	139
7350	3
7351	247
7352	46
7353	9
7354	3
7355	224
7356	217
7357	276
7358	8
7359	5
7360	392
7361	20
7362	53
7363	10
7364	11
7365	210
7366	147
7367	145
7368	28
7369	35
7370	82
7371	16
7372	179
7373	117
7374	97
7375	186
7376	290
7377	153
7378	187
7379	322
7380	383
7381	43
7382	6
7383	14
7384	73
7385	1
7386	62
7387	47
7388	16
7389	28
7390	94
7391	154
7392	11
7393	33
7394	354
7395	127
7396	30
7397	6
7398	15
7399	3
7400	47
7401	303
7402	24
7403	104
7404	4
7405	68
7406	1
7407	260
7408	52
7409	2
7410	198
7411	13
7412	14
7413	2
7414	3
7415	121
7416	159
7417	8
7418	242
7419	247
7420	3
7421	19
7422	5
7423	135
7424	16
7425	27
7426	181
7427	8
7428	29
7429	301
7430	3
7431	10
7432	25
7433	96
7434	238
7435	7
7436	54
7437	20
7438	271
7439	74
7440	2
7441	28
7442	322
7443	15
7444	155
7445	64
7446	15
7447	43
7448	75
7449	4
7450	2
7451	1
7452	111
7453	13
7454	1
7455	83
7456	3
7457	194
7458	8
7459	86
7460	253
7461	44
7462	332
7463	111
7464	13
7465	124
7466	158
7467	36
7468	191
7469	14
7470	111
7471	95
7472	250
7473	36
7474	12
7475	59
7476	19
7477	184
7478	97
7479	96
7480	355
7481	15
7482	58
7483	193
7484	11
7485	20
7486	17
7487	241
7488	36
7489	86
7490	65
7491	362
7492	65
7493	170
7494	5
7495	5
7496	20
7497	9
7498	382
7499	32
7500	62
7501	223
7502	356
7503	58
7504	37
7505	10
7506	5
7507	77
7508	9
7509	86
7510	60
7511	18
7512	6
7513	38
7514	173
7515	16
7516	212
7517	93
7518	253
7519	98
7520	20
7521	10
7522	390
7523	5
7524	8
7525	1
7526	337
7527	29
7528	144
7529	289
7530	10
7531	22
7532	6
7533	1
7534	301
7535	380
7536	8
7537	2
7538	264
7539	207
7540	1
7541	17
7542	105
7543	20
7544	379
7545	2
7546	7
7547	3
7548	248
7549	138
7550	6
7551	1
7552	180
7553	136
7554	17
7555	43
7556	4
7557	132
7558	321
7559	28
7560	1
7561	94
7562	103
7563	364
7564	1
7565	42
7566	43
7567	105
7568	5
7569	18
7570	305
7571	10
7572	39
7573	123
7574	2
7575	29
7576	220
7577	73
7578	4
7579	92
7580	55
7581	248
7582	201
7583	57
7584	67
7585	295
7586	103
7587	8
7588	382
7589	58
7590	17
7591	361
7592	58
7593	15
7594	207
7595	151
7596	5
7597	318
7598	23
7599	354
7600	29
7601	148
7602	1
7603	142
7604	149
7605	13
7606	339
7607	66
7608	38
7609	201
7610	5
7611	169
7612	136
7613	209
7614	328
7615	300
7616	12
7617	17
7618	230
7619	12
7620	9
7621	41
7622	51
7623	169
7624	42
7625	16
7626	79
7627	44
7628	5
7629	38
7630	1
7631	11
7632	146
7633	368
7634	21
7635	3
7636	2
7637	267
7638	28
7639	14
7640	3
7641	3
7642	80
7643	34
7644	375
7645	12
7646	2
7647	143
7648	2
7649	330
7650	1
7651	5
7652	357
7653	313
7654	2
7655	8
7656	361
7657	2
7658	321
7659	72
7660	62
7661	9
7662	167
7663	19
7664	14
7665	4
7666	8
7667	89
7668	1
7669	371
7670	2
7671	184
7672	5
7673	51
7674	30
7675	104
7676	391
7677	387
7678	1
7679	23
7680	10
7681	129
7682	108
7683	17
7684	2
7685	67
7686	30
7687	385
7688	113
7689	55
7690	41
7691	128
7692	136
7693	55
7694	251
7695	319
7696	8
7697	44
7698	24
7699	302
7700	6
7701	338
7702	158
7703	94
7704	39
7705	1
7706	68
7707	241
7708	9
7709	1
7710	181
7711	286
7712	226
7713	3
7714	2
7715	1
7716	365
7717	133
7718	283
7719	3
7720	28
7721	91
7722	71
7723	76
7724	7
7725	56
7726	303
7727	155
7728	380
7729	8
7730	18
7731	9
7732	12
7733	11
7734	56
7735	1
7736	28
7737	49
7738	7
7739	169
7740	43
7741	135
7742	362
7743	83
7744	13
7745	20
7746	116
7747	290
7748	169
7749	16
7750	172
7751	245
7752	1
7753	2
7754	14
7755	305
7756	20
7757	47
7758	33
7759	45
7760	14
7761	140
7762	240
7763	104
7764	73
7765	223
7766	2
7767	35
7768	1
7769	118
7770	251
7771	6
7772	2
7773	316
7774	31
7775	4
7776	239
7777	14
7778	226
7779	118
7780	2
7781	355
7782	197
7783	218
7784	270
7785	87
7786	64
7787	131
7788	42
7789	114
7790	16
7791	342
7792	122
7793	362
7794	376
7795	8
7796	315
7797	73
7798	24
7799	18
7800	4
7801	22
7802	8
7803	125
7804	279
7805	390
7806	11
7807	103
7808	28
7809	8
7810	73
7811	313
7812	1
7813	4
7814	14
7815	364
7816	126
7817	120
7818	1
7819	135
7820	142
7821	296
7822	1
7823	35
7824	32
7825	17
7826	189
7827	96
7828	15
7829	10
7830	80
7831	31
7832	204
7833	25
7834	65
7835	131
7836	85
7837	335
7838	4
7839	100
7840	52
7841	96
7842	256
7843	48
7844	32
7845	43
7846	367
7847	3
7848	13
7849	170
7850	15
7851	68
7852	32
7853	57
7854	26
7855	1
7856	55
7857	6
7858	6
7859	27
7860	349
7861	302
7862	90
7863	40
7864	210
7865	35
7866	51
7867	3
7868	6
7869	8
7870	1
7871	355
7872	3
7873	103
7874	43
7875	70
7876	59
7877	6
7878	60
7879	128
7880	166
7881	98
7882	101
7883	193
7884	28
7885	287
7886	87
7887	13
7888	139
7889	10
7890	8
7891	4
7892	343
7893	40
7894	191
7895	145
7896	3
7897	116
7898	11
7899	276
7900	16
7901	84
7902	39
7903	118
7904	21
7905	2
7906	3
7907	9
7908	66
7909	26
7910	3
7911	14
7912	89
7913	7
7914	1
7915	6
7916	8
7917	60
7918	10
7919	43
7920	38
7921	11
7922	15
7923	5
7924	148
7925	103
7926	179
7927	3
7928	2
7929	110
7930	2
7931	8
7932	74
7933	1
7934	107
7935	130
7936	9
7937	9
7938	76
7939	95
7940	72
7941	29
7942	91
7943	195
7944	4
7945	229
7946	23
7947	233
7948	42
7949	163
7950	5
7951	93
7952	248
7953	2
7954	3
7955	37
7956	119
7957	157
7958	19
7959	32
7960	52
7961	187
7962	142
7963	2
7964	14
7965	379
7966	69
7967	2
7968	195
7969	137
7970	53
7971	177
7972	11
7973	211
7974	284
7975	287
7976	200
7977	126
7978	9
7979	37
7980	6
7981	22
7982	300
7983	36
7984	1
7985	195
7986	18
7987	17
7988	1
7989	1
7990	5
7991	82
7992	163
7993	86
7994	2
7995	18
7996	324
7997	164
7998	264
7999	5
8000	30
8001	72
8002	49
8003	54
8004	41
8005	327
8006	1
8007	209
8008	52
8009	7
8010	181
8011	1
8012	6
8013	336
8014	328
8015	115
8016	37
8017	261
8018	230
8019	4
8020	36
8021	47
8022	283
8023	2
8024	372
8025	2
8026	65
8027	343
8028	188
8029	29
8030	154
8031	2
8032	86
8033	11
8034	190
8035	2
8036	17
8037	9
8038	98
8039	23
8040	198
8041	149
8042	293
8043	98
8044	36
8045	351
8046	179
8047	134
8048	24
8049	2
8050	291
8051	2
8052	76
8053	2
8054	243
8055	97
8056	16
8057	2
8058	46
8059	10
8060	5
8061	7
8062	41
8063	142
8064	68
8065	2
8066	10
8067	8
8068	202
8069	3
8070	44
8071	1
8072	84
8073	4
8074	246
8075	62
8076	4
8077	395
8078	67
8079	27
8080	22
8081	136
8082	28
8083	123
8084	161
8085	371
8086	17
8087	60
8088	277
8089	2
8090	3
8091	112
8092	24
8093	16
8094	94
8095	325
8096	111
8097	252
8098	2
8099	1
8100	394
8101	130
8102	9
8103	203
8104	195
8105	4
8106	9
8107	49
8108	84
8109	35
8110	31
8111	6
8112	3
8113	147
8114	5
8115	2
8116	60
8117	3
8118	17
8119	62
8120	345
8121	9
8122	2
8123	8
8124	19
8125	213
8126	152
8127	238
8128	22
8129	129
8130	104
8131	17
8132	213
8133	8
8134	120
8135	119
8136	1
8137	151
8138	134
8139	207
8140	102
8141	186
8142	11
8143	2
8144	66
8145	15
8146	20
8147	115
8148	141
8149	106
8150	69
8151	196
8152	1
8153	9
8154	290
8155	125
8156	52
8157	12
8158	310
8159	20
8160	70
8161	9
8162	365
8163	233
8164	11
8165	1
8166	3
8167	10
8168	3
8169	101
8170	17
8171	126
8172	155
8173	28
8174	24
8175	15
8176	3
8177	390
8178	32
8179	2
8180	57
8181	99
8182	56
8183	258
8184	2
8185	284
8186	98
8187	293
8188	260
8189	19
8190	21
8191	329
8192	64
8193	3
8194	249
8195	391
8196	371
8197	8
8198	360
8199	91
8200	51
8201	8
8202	5
8203	3
8204	323
8205	15
8206	15
8207	80
8208	118
8209	185
8210	10
8211	139
8212	15
8213	6
8214	62
8215	2
8216	197
8217	68
8218	4
8219	6
8220	118
8221	36
8222	51
8223	7
8224	188
8225	8
8226	54
8227	44
8228	233
8229	323
8230	5
8231	12
8232	49
8233	10
8234	85
8235	122
8236	184
8237	6
8238	3
8239	18
8240	323
8241	30
8242	10
8243	189
8244	103
8245	2
8246	16
8247	7
8248	13
8249	309
8250	10
8251	124
8252	106
8253	39
8254	172
8255	126
8256	346
8257	107
8258	272
8259	7
8260	1
8261	138
8262	271
8263	2
8264	301
8265	366
8266	17
8267	1
8268	3
8269	24
8270	288
8271	15
8272	4
8273	4
8274	80
8275	303
8276	2
8277	52
8278	384
8279	342
8280	121
8281	193
8282	27
8283	230
8284	10
8285	27
8286	165
8287	30
8288	183
8289	4
8290	382
8291	182
8292	31
8293	19
8294	95
8295	57
8296	55
8297	53
8298	178
8299	305
8300	11
8301	3
8302	48
8303	313
8304	35
8305	22
8306	56
8307	13
8308	131
8309	29
8310	40
8311	31
8312	5
8313	160
8314	271
8315	277
8316	7
8317	98
8318	3
8319	3
8320	134
8321	28
8322	8
8323	5
8324	27
8325	383
8326	235
8327	13
8328	60
8329	327
8330	9
8331	152
8332	174
8333	31
8334	190
8335	107
8336	13
8337	261
8338	92
8339	16
8340	2
8341	231
8342	54
8343	218
8344	3
8345	12
8346	8
8347	114
8348	27
8349	128
8350	3
8351	11
8352	70
8353	269
8354	1
8355	221
8356	1
8357	32
8358	22
8359	376
8360	2
8361	80
8362	2
8363	18
8364	131
8365	23
8366	10
8367	67
8368	67
8369	280
8370	9
8371	16
8372	1
8373	3
8374	44
8375	201
8376	38
8377	211
8378	16
8379	237
8380	131
8381	166
8382	37
8383	2
8384	21
8385	58
8386	6
8387	215
8388	175
8389	319
8390	125
8391	34
8392	6
8393	1
8394	78
8395	6
8396	13
8397	8
8398	5
8399	3
8400	4
8401	13
8402	50
8403	286
8404	85
8405	195
8406	8
8407	100
8408	151
8409	106
8410	34
8411	53
8412	7
8413	173
8414	18
8415	7
8416	141
8417	179
8418	265
8419	71
8420	13
8421	314
8422	313
8423	116
8424	111
8425	12
8426	244
8427	153
8428	18
8429	216
8430	55
8431	1
8432	157
8433	232
8434	3
8435	6
8436	65
8437	33
8438	145
8439	201
8440	85
8441	16
8442	274
8443	26
8444	8
8445	242
8446	54
8447	50
8448	217
8449	83
8450	42
8451	368
8452	148
8453	59
8454	9
8455	2
8456	176
8457	9
8458	13
8459	2
8460	2
8461	165
8462	144
8463	2
8464	21
8465	247
8466	21
8467	19
8468	45
8469	192
8470	341
8471	40
8472	1
8473	15
8474	229
8475	273
8476	274
8477	321
8478	200
8479	209
8480	9
8481	21
8482	110
8483	293
8484	5
8485	3
8486	3
8487	3
8488	33
8489	41
8490	12
8491	58
8492	52
8493	2
8494	290
8495	218
8496	12
8497	206
8498	55
8499	112
8500	10
8501	2
8502	391
8503	14
8504	20
8505	2
8506	3
8507	14
8508	215
8509	6
8510	6
8511	212
8512	22
8513	16
8514	14
8515	210
8516	211
8517	151
8518	109
8519	332
8520	60
8521	248
8522	57
8523	2
8524	255
8525	14
8526	246
8527	48
8528	203
8529	119
8530	165
8531	2
8532	20
8533	238
8534	222
8535	257
8536	150
8537	135
8538	53
8539	73
8540	46
8541	53
8542	285
8543	127
8544	1
8545	3
8546	135
8547	307
8548	107
8549	47
8550	124
8551	17
8552	131
8553	4
8554	63
8555	151
8556	198
8557	388
8558	20
8559	98
8560	164
8561	350
8562	15
8563	32
8564	44
8565	7
8566	92
8567	7
8568	141
8569	69
8570	260
8571	98
8572	2
8573	161
8574	227
8575	9
8576	34
8577	342
8578	77
8579	36
8580	138
8581	168
8582	1
8583	7
8584	21
8585	1
8586	64
8587	127
8588	5
8589	111
8590	188
8591	344
8592	56
8593	24
8594	45
8595	6
8596	7
8597	118
8598	277
8599	281
8600	204
8601	126
8602	9
8603	369
8604	4
8605	18
8606	37
8607	232
8608	96
8609	217
8610	14
8611	45
8612	44
8613	5
8614	33
8615	27
8616	177
8617	15
8618	7
8619	110
8620	19
8621	17
8622	11
8623	206
8624	147
8625	154
8626	45
8627	23
8628	3
8629	3
8630	294
8631	389
8632	110
8633	1
8634	64
8635	335
8636	23
8637	72
8638	57
8639	72
8640	376
8641	34
8642	22
8643	214
8644	386
8645	6
8646	322
8647	123
8648	64
8649	358
8650	268
8651	62
8652	25
8653	321
8654	10
8655	155
8656	43
8657	7
8658	267
8659	169
8660	91
8661	176
8662	37
8663	21
8664	72
8665	81
8666	311
8667	10
8668	23
8669	343
8670	4
8671	87
8672	7
8673	389
8674	8
8675	89
8676	7
8677	204
8678	362
8679	36
8680	73
8681	329
8682	156
8683	5
8684	1
8685	61
8686	172
8687	352
8688	14
8689	202
8690	5
8691	5
8692	392
8693	8
8694	5
8695	4
8696	100
8697	11
8698	144
8699	83
8700	4
8701	144
8702	37
8703	204
8704	203
8705	5
8706	85
8707	257
8708	282
8709	230
8710	276
8711	1
8712	5
8713	360
8714	53
8715	296
8716	148
8717	1
8718	1
8719	180
8720	263
8721	395
8722	34
8723	357
8724	265
8725	139
8726	302
8727	25
8728	7
8729	3
8730	15
8731	230
8732	131
8733	49
8734	229
8735	285
8736	2
8737	40
8738	3
8739	341
8740	2
8741	13
8742	234
8743	322
8744	149
8745	320
8746	1
8747	68
8748	52
8749	85
8750	89
8751	7
8752	2
8753	10
8754	63
8755	119
8756	2
8757	12
8758	9
8759	166
8760	155
8761	102
8762	234
8763	250
8764	171
8765	3
8766	231
8767	288
8768	20
8769	137
8770	38
8771	10
8772	277
8773	41
8774	13
8775	349
8776	232
8777	199
8778	2
8779	8
8780	168
8781	5
8782	14
8783	9
8784	386
8785	3
8786	38
8787	179
8788	144
8789	87
8790	15
8791	236
8792	55
8793	1
8794	2
8795	245
8796	4
8797	20
8798	19
8799	73
8800	2
8801	3
8802	62
8803	5
8804	173
8805	274
8806	52
8807	214
8808	128
8809	4
8810	13
8811	113
8812	8
8813	52
8814	63
8815	139
8816	370
8817	8
8818	15
8819	173
8820	329
8821	7
8822	6
8823	11
8824	7
8825	9
8826	117
8827	46
8828	207
8829	83
8830	85
8831	11
8832	1
8833	9
8834	17
8835	127
8836	55
8837	171
8838	4
8839	2
8840	2
8841	167
8842	28
8843	310
8844	272
8845	360
8846	319
8847	25
8848	132
8849	222
8850	72
8851	92
8852	84
8853	372
8854	60
8855	39
8856	90
8857	24
8858	5
8859	5
8860	73
8861	106
8862	11
8863	1
8864	14
8865	10
8866	186
8867	389
8868	2
8869	2
8870	2
8871	292
8872	2
8873	138
8874	293
8875	12
8876	84
8877	20
8878	17
8879	56
8880	4
8881	297
8882	384
8883	284
8884	90
8885	206
8886	350
8887	7
8888	266
8889	152
8890	21
8891	6
8892	27
8893	71
8894	8
8895	9
8896	104
8897	256
8898	237
8899	188
8900	166
8901	9
8902	199
8903	17
8904	20
8905	13
8906	4
8907	344
8908	384
8909	67
8910	9
8911	59
8912	187
8913	11
8914	24
8915	113
8916	3
8917	13
8918	275
8919	77
8920	289
8921	258
8922	214
8923	145
8924	5
8925	6
8926	341
8927	188
8928	2
8929	23
8930	1
8931	338
8932	22
8933	4
8934	36
8935	331
8936	151
8937	1
8938	312
8939	86
8940	47
8941	17
8942	20
8943	2
8944	32
8945	37
8946	95
8947	236
8948	324
8949	22
8950	13
8951	17
8952	3
8953	58
8954	209
8955	9
8956	7
8957	20
8958	340
8959	301
8960	78
8961	48
8962	5
8963	6
8964	135
8965	2
8966	4
8967	393
8968	79
8969	27
8970	186
8971	13
8972	17
8973	17
8974	246
8975	1
8976	38
8977	178
8978	1
8979	30
8980	84
8981	100
8982	94
8983	41
8984	29
8985	55
8986	55
8987	174
8988	12
8989	178
8990	2
8991	283
8992	46
8993	95
8994	33
8995	315
8996	269
8997	28
8998	5
8999	254
9000	9
9001	62
9002	10
9003	29
9004	1
9005	5
9006	171
9007	364
9008	220
9009	117
9010	19
9011	151
9012	15
9013	74
9014	237
9015	228
9016	7
9017	4
9018	174
9019	117
9020	335
9021	22
9022	1
9023	97
9024	122
9025	71
9026	63
9027	267
9028	55
9029	353
9030	272
9031	2
9032	44
9033	202
9034	136
9035	15
9036	13
9037	118
9038	7
9039	143
9040	19
9041	13
9042	17
9043	10
9044	140
9045	59
9046	20
9047	24
9048	42
9049	3
9050	23
9051	36
9052	2
9053	46
9054	28
9055	314
9056	8
9057	69
9058	14
9059	266
9060	93
9061	391
9062	84
9063	309
9064	2
9065	1
9066	143
9067	33
9068	83
9069	244
9070	5
9071	11
9072	286
9073	4
9074	7
9075	36
9076	305
9077	10
9078	2
9079	184
9080	25
9081	224
9082	29
9083	4
9084	7
9085	286
9086	56
9087	2
9088	182
9089	16
9090	3
9091	19
9092	12
9093	3
9094	5
9095	8
9096	93
9097	58
9098	125
9099	334
9100	285
9101	7
9102	276
9103	3
9104	1
9105	83
9106	1
9107	24
9108	386
9109	179
9110	15
9111	9
9112	368
9113	65
9114	17
9115	280
9116	215
9117	295
9118	129
9119	278
9120	340
9121	137
9122	165
9123	52
9124	1
9125	43
9126	220
9127	198
9128	65
9129	74
9130	18
9131	1
9132	15
9133	3
9134	300
9135	95
9136	333
9137	36
9138	9
9139	61
9140	141
9141	42
9142	26
9143	12
9144	228
9145	3
9146	17
9147	82
9148	245
9149	67
9150	15
9151	269
9152	172
9153	12
9154	98
9155	85
9156	326
9157	54
9158	13
9159	22
9160	9
9161	41
9162	84
9163	123
9164	3
9165	216
9166	17
9167	193
9168	8
9169	68
9170	121
9171	154
9172	29
9173	89
9174	2
9175	8
9176	16
9177	304
9178	8
9179	1
9180	1
9181	13
9182	336
9183	10
9184	184
9185	53
9186	86
9187	1
9188	215
9189	201
9190	5
9191	44
9192	8
9193	60
9194	230
9195	107
9196	332
9197	113
9198	6
9199	11
9200	7
9201	3
9202	6
9203	12
9204	2
9205	12
9206	164
9207	387
9208	215
9209	18
9210	61
9211	78
9212	6
9213	44
9214	1
9215	2
9216	1
9217	102
9218	20
9219	254
9220	12
9221	43
9222	133
9223	9
9224	11
9225	365
9226	130
9227	51
9228	35
9229	208
9230	4
9231	2
9232	287
9233	162
9234	39
9235	31
9236	99
9237	16
9238	96
9239	55
9240	29
9241	384
9242	24
9243	45
9244	2
9245	49
9246	272
9247	1
9248	326
9249	316
9250	4
9251	384
9252	56
9253	200
9254	2
9255	339
9256	8
9257	56
9258	70
9259	176
9260	13
9261	7
9262	122
9263	113
9264	318
9265	324
9266	3
9267	356
9268	2
9269	21
9270	93
9271	105
9272	90
9273	8
9274	125
9275	351
9276	139
9277	182
9278	2
9279	75
9280	97
9281	62
9282	12
9283	108
9284	40
9285	25
9286	148
9287	94
9288	77
9289	5
9290	13
9291	6
9292	65
9293	104
9294	3
9295	76
9296	1
9297	24
9298	84
9299	25
9300	80
9301	16
9302	10
9303	40
9304	180
9305	58
9306	96
9307	325
9308	46
9309	13
9310	12
9311	12
9312	107
9313	218
9314	32
9315	3
9316	299
9317	279
9318	60
9319	385
9320	5
9321	1
9322	34
9323	33
9324	45
9325	273
9326	12
9327	30
9328	47
9329	76
9330	224
9331	11
9332	85
9333	369
9334	241
9335	22
9336	368
9337	7
9338	181
9339	1
9340	365
9341	14
9342	279
9343	2
9344	377
9345	22
9346	2
9347	71
9348	204
9349	151
9350	3
9351	236
9352	169
9353	1
9354	3
9355	25
9356	31
9357	3
9358	7
9359	26
9360	146
9361	195
9362	77
9363	2
9364	167
9365	146
9366	22
9367	40
9368	219
9369	59
9370	193
9371	1
9372	85
9373	91
9374	7
9375	393
9376	374
9377	61
9378	14
9379	139
9380	179
9381	101
9382	41
9383	125
9384	14
9385	318
9386	190
9387	343
9388	69
9389	226
9390	117
9391	174
9392	6
9393	21
9394	359
9395	70
9396	6
9397	87
9398	106
9399	17
9400	22
9401	283
9402	10
9403	378
9404	53
9405	150
9406	102
9407	15
9408	20
9409	328
9410	8
9411	88
9412	388
9413	171
9414	2
9415	16
9416	211
9417	175
9418	67
9419	153
9420	7
9421	46
9422	9
9423	259
9424	326
9425	48
9426	41
9427	81
9428	18
9429	303
9430	133
9431	1
9432	269
9433	161
9434	5
9435	206
9436	3
9437	394
9438	278
9439	1
9440	3
9441	4
9442	9
9443	2
9444	18
9445	185
9446	93
9447	9
9448	166
9449	2
9450	10
9451	152
9452	36
9453	13
9454	193
9455	226
9456	6
9457	10
9458	147
9459	185
9460	5
9461	8
9462	14
9463	48
9464	7
9465	145
9466	39
9467	272
9468	182
9469	198
9470	5
9471	6
9472	21
9473	11
9474	301
9475	356
9476	18
9477	6
9478	2
9479	1
9480	22
9481	159
9482	5
9483	7
9484	10
9485	56
9486	75
9487	3
9488	12
9489	305
9490	7
9491	40
9492	247
9493	69
9494	259
9495	7
9496	36
9497	178
9498	366
9499	348
9500	180
9501	10
9502	59
9503	193
9504	15
9505	3
9506	138
9507	66
9508	20
9509	227
9510	75
9511	4
9512	361
9513	333
9514	123
9515	1
9516	10
9517	180
9518	301
9519	216
9520	24
9521	21
9522	17
9523	7
9524	83
9525	291
9526	61
9527	1
9528	3
9529	347
9530	14
9531	128
9532	372
9533	1
9534	1
9535	257
9536	293
9537	1
9538	251
9539	11
9540	4
9541	156
9542	373
9543	1
9544	195
9545	292
9546	70
9547	317
9548	5
9549	230
9550	181
9551	12
9552	52
9553	164
9554	65
9555	8
9556	35
9557	112
9558	230
9559	38
9560	4
9561	261
9562	78
9563	21
9564	194
9565	12
9566	58
9567	13
9568	12
9569	12
9570	5
9571	130
9572	2
9573	4
9574	306
9575	36
9576	124
9577	7
9578	3
9579	59
9580	311
9581	8
9582	371
9583	194
9584	359
9585	243
9586	227
9587	134
9588	26
9589	26
9590	351
9591	378
9592	130
9593	306
9594	354
9595	194
9596	189
9597	70
9598	14
9599	2
9600	92
9601	3
9602	1
9603	185
9604	159
9605	240
9606	27
9607	7
9608	7
9609	260
9610	203
9611	8
9612	37
9613	45
9614	156
9615	2
9616	170
9617	35
9618	4
9619	236
9620	56
9621	358
9622	1
9623	189
9624	261
9625	3
9626	6
9627	2
9628	369
9629	110
9630	10
9631	13
9632	106
9633	7
9634	6
9635	16
9636	1
9637	125
9638	33
9639	259
9640	307
9641	113
9642	48
9643	171
9644	1
9645	7
9646	1
9647	130
9648	320
9649	238
9650	49
9651	41
9652	29
9653	46
9654	24
9655	129
9656	2
9657	1
9658	43
9659	87
9660	1
9661	1
9662	21
9663	268
9664	218
9665	16
9666	1
9667	22
9668	103
9669	14
9670	10
9671	338
9672	362
9673	26
9674	229
9675	122
9676	9
9677	9
9678	81
9679	318
9680	169
9681	374
9682	339
9683	39
9684	383
9685	77
9686	6
9687	29
9688	5
9689	24
9690	1
9691	10
9692	180
9693	174
9694	10
9695	176
9696	278
9697	7
9698	3
9699	3
9700	19
9701	7
9702	2
9703	50
9704	15
9705	11
9706	310
9707	4
9708	1
9709	351
9710	148
9711	21
9712	303
9713	5
9714	125
9715	10
9716	53
9717	1
9718	156
9719	112
9720	118
9721	78
9722	22
9723	9
9724	40
9725	12
9726	137
9727	112
9728	111
9729	48
9730	42
9731	33
9732	19
9733	143
9734	3
9735	3
9736	295
9737	23
9738	5
9739	25
9740	317
9741	36
9742	267
9743	193
9744	229
9745	3
9746	167
9747	3
9748	4
9749	3
9750	388
9751	36
9752	50
9753	19
9754	127
9755	1
9756	379
9757	38
9758	99
9759	2
9760	1
9761	109
9762	14
9763	262
9764	9
9765	298
9766	11
9767	119
9768	1
9769	220
9770	27
9771	3
9772	264
9773	103
9774	352
9775	16
9776	37
9777	34
9778	37
9779	2
9780	86
9781	182
9782	9
9783	318
9784	8
9785	1
9786	12
9787	133
9788	387
9789	266
9790	122
9791	4
9792	143
9793	10
9794	10
9795	3
9796	76
9797	9
9798	227
9799	3
9800	270
9801	117
9802	163
9803	54
9804	19
9805	48
9806	132
9807	2
9808	9
9809	13
9810	353
9811	292
9812	93
9813	82
9814	258
9815	99
9816	122
9817	23
9818	335
9819	22
9820	298
9821	5
9822	328
9823	12
9824	19
9825	259
9826	130
9827	77
9828	45
9829	209
9830	127
9831	143
9832	21
9833	34
9834	98
9835	190
9836	61
9837	163
9838	95
9839	76
9840	207
9841	4
9842	145
9843	235
9844	1
9845	19
9846	337
9847	4
9848	43
9849	54
9850	120
9851	11
9852	255
9853	25
9854	67
9855	30
9856	255
9857	139
9858	10
9859	6
9860	11
9861	17
9862	297
9863	179
9864	17
9865	175
9866	74
9867	251
9868	90
9869	13
9870	46
9871	33
9872	93
9873	321
9874	19
9875	67
9876	60
9877	16
9878	119
9879	24
9880	4
9881	313
9882	370
9883	145
9884	202
9885	93
9886	18
9887	190
9888	318
9889	35
9890	3
9891	2
9892	233
9893	150
9894	133
9895	339
9896	14
9897	141
9898	11
9899	61
9900	58
9901	93
9902	26
9903	3
9904	137
9905	7
9906	168
9907	68
9908	19
9909	9
9910	53
9911	81
9912	126
9913	254
9914	2
9915	377
9916	16
9917	12
9918	70
9919	15
9920	30
9921	119
9922	390
9923	362
9924	10
9925	198
9926	11
9927	10
9928	63
9929	11
9930	3
9931	149
9932	25
9933	23
9934	348
9935	43
9936	102
9937	321
9938	14
9939	228
9940	34
9941	31
9942	145
9943	194
9944	17
9945	8
9946	285
9947	320
9948	356
9949	187
9950	14
9951	10
9952	11
9953	57
9954	1
9955	85
9956	213
9957	152
9958	206
9959	25
9960	14
9961	346
9962	79
9963	245
9964	133
9965	58
9966	49
9967	109
9968	283
9969	27
9970	16
9971	149
9972	5
9973	92
9974	170
9975	100
9976	109
9977	235
9978	325
9979	56
9980	7
9981	300
9982	180
9983	308
9984	207
9985	333
9986	21
9987	297
9988	1
9989	251
9990	47
9991	3
9992	1
9993	41
9994	1
9995	28
9996	150
9997	179
9998	5
9999	39
10000	24
