63.73530454200002
63.88755634
63.89474393900002
66.25280344999999
66.106557635
66.40823136399999
65.981664574
65.89390368299999
66.280645496
69.31808595800001
69.16302685600002
69.44863711900004
69.96249137400002
69.43602931000001
69.66948595899999
69.800486334
70.16067319600003
70.22234513800001
69.10042905400002
70.10815099499999
70.279840958
69.84656015899998
69.68213137500001
69.62140602399998
69.081083804
65.56983161100004
65.69019851499999
65.92639386699997
65.98493099200002
65.94267400799998
