124.61271457599997
124.674082118
125.54793264
125.29406124600001
124.75195649100004
124.91751612900003
124.93447514799999
124.897390954
123.25482205200001
124.90874078600001
129.964634875
130.82265786700003
125.04629011999998
126.05519084099996
130.40398251599999
123.80751584799998
125.70045701800001
125.77570444999998
125.28091597599996
128.96037760500002
128.89317507799996
132.67963220299998
133.93311106800002
121.825573185
119.44380788199999
120.885297337
121.59738613600001
120.743351561
121.34618949000003
120.538064749
