21.733385504000005
22.58840650900001
22.523346806000006
21.780364123
22.233170037
22.487025623000008
21.941216801999992
22.314912482999993
22.502517068999992
22.792403703999994
22.08992532
22.278974848999994
22.173972537999994
22.02507209499999
22.220518194000007
22.760423588000002
22.406316084999993
22.480271026999993
22.276646180000007
22.072929091999995
21.890658824999996
22.768035463000004
22.317374631999996
22.348535027999993
22.154422894000007
22.882360322000004
22.182290873999996
22.272275717
22.494184183999998
22.677544654000002
