125.134022918
126.76334361199997
125.81256270200001
126.18940501399999
126.62186511700003
126.89900472100001
129.75811493800003
130.361946621
125.11442071000002
123.66819316499999
130.75283608700002
124.728109421
124.736615889
125.544484098
126.89361589699999
124.96767488300003
128.29695993999997
126.77016581200002
126.48985711099999
127.27539996500002
129.52516266199999
132.51937995400002
134.107405914
123.406786425
124.04341776199996
124.29241989600001
125.920057518
131.59778248
132.85644228799998
133.671248239
