1.215403545
1.2073881530000001
1.209945093
1.2136947940000002
1.2088964529999995
1.215203603
0.7171671809999998
0.7167140959999996
1.480868138
1.4679720510000003
1.4607732910000006
1.472099589
1.4661607519999995
1.4644239319999999
1.46501092
1.500677369
1.4506420039999997
1.4664177459999994
1.4827933560000002
1.4711629549999996
1.4752242940000002
1.4743155750000003
1.464589653
1.4591666760000006
1.0530457389999999
1.0437188170000002
1.0507276690000005
1.0483727949999997
1.0489559379999998
0.7329556620000002
