341.6615650420001
341.54692204900016
352.5071779799998
352.1088434210001
351.52772554800003
352.151887881
350.44200528600004
347.9736656939999
348.2519472229999
353.4110456829999
345.2508239450001
351.09496992000004
350.59027563099994
350.8932473090001
348.25157352600013
350.53452741
352.21952415199985
349.010853643
350.4941860680001
350.8390478409999
353.30643290600005
353.81165282899997
353.42074663099993
353.7144908360001
354.65955988199994
355.229344737
348.6828660269998
356.9612394960002
325.5224577439999
323.14704853600006
